procs -----------memory---------- ---swap-- -----io---- -system-- -------cpu------- -----timestamp-----
 r  b   swpd   free   buff  cache   si   so    bi    bo   in   cs us sy id wa st gu                 CDT
 2  0 1390472 6987840 13037000 224730452    6   34   922  9651 5529    0  1  0 99  0  0  0 2026-10-06 18:33:19
 0  0 1390472 11567076 13031964 221842740    0    0     0     0 44009 57210  4 12 84  0  0  0 2026-10-06 18:33:21
 0  0 1390472 11648868 13031960 221760404    0    0     0     0 38866 171956  5  8 88  0  0  0 2026-10-06 18:33:23
 0  0 1390472 11704976 13031968 221676020    0    0     0   724 42511 144125  5  8 87  0  0  0 2026-10-06 18:33:25
 1  0 1390472 10620904 13031976 221663708    0    0     0   280 44758 98703  5 11 85  0  0  0 2026-10-06 18:33:27
32  0 1390472 10573420 13031976 221647340    0    0     0     0 45216 84891  5 10 85  0  0  0 2026-10-06 18:33:29
32  0 1390472 10652252 13031976 221575784    0    0     0     0 43526 72817  5 11 84  0  0  0 2026-10-06 18:33:31
32  0 1390472 10656392 13031980 221525440    0    0     0    52 45528 46468  5 13 82  0  0  0 2026-10-06 18:33:33
32  0 1390472 10822300 13031980 221455124    0    0     0     0 45798 101131  5 10 85  0  0  0 2026-10-06 18:33:35
32  0 1390472 10814024 13031988 221455124    0    0     0   282 36456 175693  5  7 89  0  0  0 2026-10-06 18:33:37
34  0 1390472 11395188 13031988 221455096    0    0     0     0 37154 172165  4  7 88  0  0  0 2026-10-06 18:33:39
 1  0 1390472 12011952 13031988 221348308    0    0     0     0 44715 106575  5 10 86  0  0  0 2026-10-06 18:33:41
 1  0 1390468 11924296 13031996 221340116    0    0     0    52 42534 88996  5 10 85  0  0  0 2026-10-06 18:33:43
32  0 1390468 10942284 13031996 221278048    0    0     0   256 42440 87179  5 11 84  0  0  0 2026-10-06 18:33:45
33  0 1390468 10939836 13032012 221265088    0    0     0   300 44061 76299  5 11 84  0  0  0 2026-10-06 18:33:47
12  0 1390464 11042180 13032012 221168396    0    0     0     0 45744 78477  5 11 84  0  0  0 2026-10-06 18:33:49
32  0 1390464 10983340 13032012 221168392    0    0     0 138800 45142 73229  5 11 84  0  0  0 2026-10-06 18:33:51
32  0 1390464 11066916 13032020 221150580    0    0     0    60 48156 99256  5 10 85  0  0  0 2026-10-06 18:33:53
32  0 1390464 11021420 13032020 221150664    0    0     0   752 41822 146083  5  8 87  0  0  0 2026-10-06 18:33:55
32  0 1390464 11157532 13032024 221093008    0    0     0 770360 46274 112858  5  9 86  0  0  0 2026-10-06 18:33:57
32  0 1390464 11073232 13032024 221093012    0    0     0     0 47436 89709  5 11 84  0  0  0 2026-10-06 18:33:59
procs -----------memory---------- ---swap-- -----io---- -system-- -------cpu------- -----timestamp-----
 r  b   swpd   free   buff  cache   si   so    bi    bo   in   cs us sy id wa st gu                 CDT
32  0 1390464 11725456 13032024 221080544    0    0     0    10 42982 67323  5 11 84  0  0  0 2026-10-06 18:34:01
 0  0 1390464 12119400 13032024 221080512    0    0     0    66 44594 48656  5 12 83  0  0  0 2026-10-06 18:34:03
 2  0 1390464 11063428 13032024 221080512    0    0     0     0 45402 41878  5 13 82  0  0  0 2026-10-06 18:34:05
32  0 1390464 11263000 13032032 221000640    0    0     0   298 46826 51524  5 12 83  0  0  0 2026-10-06 18:34:07
32  0 1390464 11151088 13032032 221000648    0    0     0     0 43634 59093  5 12 83  0  0  0 2026-10-06 18:34:09
32  0 1390464 11141680 13032032 221000692    0    0     0     2 44285 59708  5 11 83  0  0  0 2026-10-06 18:34:11
32  0 1390464 11263684 13032036 220988364    0    0     0    66 47172 48136  5 12 83  0  0  0 2026-10-06 18:34:13
32  0 1390464 11685928 13032036 220988360    0    0     0     4 47373 43483  5 14 82  0  0  0 2026-10-06 18:34:15
32  0 1390464 11498820 13032044 220988356    0    0     0   290 44411 43940  5 12 83  0  0  0 2026-10-06 18:34:17
 1  0 1390464 11792836 13032044 220988348    0    0     0     0 43585 54607  5 13 83  0  0  0 2026-10-06 18:34:19
 0  0 1390464 12312368 13032044 220963392    0    0     0  2594 44629 61371  5 12 83  0  0  0 2026-10-06 18:34:21
 0  0 1390464 12218792 13032048 220963392    0    0     0    62 44174 66484  5 11 84  0  0  0 2026-10-06 18:34:23
 0  0 1390464 12235424 13032048 220963396    0    0     0     0 44542 56090  5 12 83  0  0  0 2026-10-06 18:34:25
17  0 1390464 11131000 13032048 220963396    0    0     0 674722 51283 56014  5 13 83  0  0  0 2026-10-06 18:34:27
34  0 1390464 11122288 13032048 220963388    0    0     0 499868 45959 81464  5 10 85  0  0  0 2026-10-06 18:34:29
32  0 1390464 11121500 13032048 220963388    0    0     0     2 40758 166064  5  7 88  0  0  0 2026-10-06 18:34:31
32  0 1390464 11129192 13032052 220963356    0    0     0    54 42581 137358  5  9 87  0  0  0 2026-10-06 18:34:33
32  0 1390464 11082072 13032052 220963356    0    0     0     0 43369 102295  5  9 86  0  0  0 2026-10-06 18:34:35
33  0 1390464 11048968 13032068 220963832    0    0     0   302 44851 78599  5 10 85  0  0  0 2026-10-06 18:34:37
32  0 1390464 11256660 13032068 220955164    0    0     0     0 45483 59265  5 12 83  0  0  0 2026-10-06 18:34:39
32  0 1390464 11218076 13032068 220955164    0    0     0     0 46212 51329  5 12 83  0  0  0 2026-10-06 18:34:41
procs -----------memory---------- ---swap-- -----io---- -system-- -------cpu------- -----timestamp-----
 r  b   swpd   free   buff  cache   si   so    bi    bo   in   cs us sy id wa st gu                 CDT
 1  0 1390464 12206160 13032072 220955164    0    0     0   982 44855 39736  4 13 82  0  0  0 2026-10-06 18:34:43
 1  0 1390464 12206220 13032072 220955172    0    0     0     0 20416 18808  2  4 93  0  0  0 2026-10-06 18:34:45
