procs -----------memory---------- ---swap-- -----io---- -system-- -------cpu------- -----timestamp-----
 r  b   swpd   free   buff  cache   si   so    bi    bo   in   cs us sy id wa st gu                 CDT
10  0 1391332 3038372 10969188 222094432    6   34   919  9609 5477    0  1  0 99  0  0  0 2026-10-06 17:09:13
34  0 1391332 2305856 10969188 222103456    0    0  1386    28 60296 119604  5 11 82  0  0  2 2026-10-06 17:09:15
 1  0 1391332 3703172 10969108 222073056    0    0     0   478 60305 129604  5 10 84  0  0  1 2026-10-06 17:09:17
 5  0 1391332 3938412 10969108 222056500    0    0     0   200 51023 114527  5 10 84  0  0  1 2026-10-06 17:09:19
 2  0 1391332 4044504 10969092 222014688    0    0     0     0 54915 115996  5 11 82  0  0  2 2026-10-06 17:09:21
 5  0 1391332 3992304 10969100 221998064    0    0     0    92 50438 65065  5 12 82  0  0  0 2026-10-06 17:09:23
32  0 1391332 13381308 10969112 221965676    0    0     0    44 59939 87934  5 12 82  0  0  2 2026-10-06 17:09:25
32  0 1391332 12723072 10969120 221966616    0    0     0   314 45679 141628  4  9 87  0  0  0 2026-10-06 17:09:27
32  0 1391332 12692528 10969132 221966660    0    0     0  1700 55241 133595  4 10 84  0  0  2 2026-10-06 17:09:29
32  0 1391332 12613128 10969136 221966788    0    0     0    30 60440 126700  4 10 83  0  0  2 2026-10-06 17:09:31
32  0 1391332 12650920 10969136 221966848    0    0     0     0 43987 209416  4  7 89  0  0  0 2026-10-06 17:09:33
33  0 1391332 12610776 10969140 221966916    0    0     0   116 46484 109317  4 10 85  0  0  1 2026-10-06 17:09:35
 0  0 1391332 13407784 10969144 221966996    0    0     0   308 46797 107939  4 10 86  0  0  0 2026-10-06 17:09:37
32  0 1391332 13236892 10969144 221966980    0    0     0     0 51170 115276  4 10 85  0  0  2 2026-10-06 17:09:39
33  0 1391332 12605960 10969148 221967028    0    0     0   100 54128 93152  4 10 84  0  0  1 2026-10-06 17:09:41
32  0 1391332 12577060 10969160 221967032    0    0     0   122 49595 90601  4 11 84  0  0  0 2026-10-06 17:09:43
32  0 1391332 12832540 10969072 221944736    0    0     0 605394 48872 64071  4 11 85  0  0  0 2026-10-06 17:09:45
32  0 1391332 12781748 10969092 221944784    0    0     0   424 55275 111607  4 11 83  0  0  1 2026-10-06 17:09:47
32  0 1391332 12754252 10969092 221948108    0    0     0    34 53432 117123  4 11 84  0  0  1 2026-10-06 17:09:49
32  0 1391332 12730448 10969116 221948268    0    0     0   276 43170 102005  4 10 86  0  0  0 2026-10-06 17:09:51
 2  0 1391332 13415288 10969116 222035752    0    0 42322   176 36200 76244  3  6 90  0  0  0 2026-10-06 17:09:53
procs -----------memory---------- ---swap-- -----io---- -system-- -------cpu------- -----timestamp-----
 r  b   swpd   free   buff  cache   si   so    bi    bo   in   cs us sy id wa st gu                 CDT
 1  0 1391332 15621820 10963908 219530580    0    0  5668   960 41732 59787  4 10 86  0  0  0 2026-10-06 17:09:55
38  0 1391332 15695732 10963916 219529724    0    0     2   306 41385 155070  5  8 87  0  0  0 2026-10-06 17:09:57
 2  0 1391332 15982996 10963916 219537328    0    0     0     0 51258 121062  5 10 83  0  0  2 2026-10-06 17:09:59
32  0 1391332 14884232 10963924 219539824    0    0     0    90 47912 94981  5 11 83  0  0  1 2026-10-06 17:10:01
41  0 1391332 14885868 10963940 219549072    0    0     0  1116 47342 82901  5 11 83  0  0  1 2026-10-06 17:10:03
32  0 1391332 14873364 10963940 219549284    0    0     0     0 45206 72698  5 11 84  0  0  0 2026-10-06 17:10:05
 7  0 1391332 15903532 10963948 219555876    0    0     0   376 51346 70408  4 12 81  0  0  2 2026-10-06 17:10:07
14  0 1391332 14817468 10963980 219556936    0    0     0  4504 50090 115735  5 10 83  0  0  1 2026-10-06 17:10:09
43  0 1391332 14472168 10966788 219659352    0    0 52328    96 57497 99841  5 11 82  0  0  1 2026-10-06 17:10:11
46  0 1391332 14007428 10966928 219661512    0    0    84     2 48792 88800  7 12 82  0  0  0 2026-10-06 17:10:13
33  0 1391332 14644728 10966952 219671504    0    0     2   300 54193 125677 12  9 79  0  0  0 2026-10-06 17:10:15
 3  0 1391332 12500872 10967060 219692904    0    0 12918 323948 53872 71134  5 13 81  0  0  0 2026-10-06 17:10:17
33  0 1391332 10078380 10966992 219772684    0    0 45208 61644 54327 72406  5 13 81  0  0  1 2026-10-06 17:10:19
41  0 1391328 7025732 10967000 219772748    2    0    10   178 52103 65630  6 12 82  0  0  1 2026-10-06 17:10:21
 8  0 1391328 5362004 10967008 219768780    0    0     0 12450 53103 58393  5 14 80  0  0  1 2026-10-06 17:10:23
33  0 1391328 4417668 10967008 219779160    0    0     0     0 46963 80500  6 12 82  0  0  1 2026-10-06 17:10:25
34  0 1391328 4478804 10967008 219779296    0    0    32   316 44919 93105  6 10 84  0  0  0 2026-10-06 17:10:27
33  0 1391324 4561044 10967020 219779304    0    0     0   106 43934 106960  6 10 84  0  0  0 2026-10-06 17:10:29
33  0 1391324 4577892 10967020 219779380    0    0     0     0 42375 101977  6 10 85  0  0  0 2026-10-06 17:10:31
25  0 1391324 4891968 10967024 219779428    0    0    26     0 47446 75208  6 11 83  0  0  0 2026-10-06 17:10:33
 0  0 1391324 15451952 10967144 219776380    0    0  3844   806 47242 71880  5 12 83  0  0  0 2026-10-06 17:10:35
procs -----------memory---------- ---swap-- -----io---- -system-- -------cpu------- -----timestamp-----
 r  b   swpd   free   buff  cache   si   so    bi    bo   in   cs us sy id wa st gu                 CDT
 2  0 1391324 14376540 10967152 219776856    0    0     0   274 41987 75905  5 11 84  0  0  0 2026-10-06 17:10:37
32  0 1391324 14408636 10967152 219776848    0    0     0     0 42225 111401  5 10 86  0  0  0 2026-10-06 17:10:39
33  0 1391324 14447440 10967164 219776840    0    0     0    72 43866 116997  5  9 86  0  0  0 2026-10-06 17:10:41
26  0 1391320 14462660 10967164 219776924    2    0    26     0 42759 137338  5  8 87  0  0  0 2026-10-06 17:10:43
32  0 1391320 14428564 10967164 219776916    0    0     0     0 42473 97713  5 10 85  0  0  0 2026-10-06 17:10:45
32  0 1391320 14426248 10967180 219776924    0    0     0   312 40675 112116  5  9 86  0  0  0 2026-10-06 17:10:47
 0  0 1391320 15447628 10967180 219813308    0    0 18190     8 21555 25165  2  4 93  0  0  0 2026-10-06 17:10:49
 0  0 1391320 15150008 10967204 220097748    0    0    12  6912 38504 94472  6  3 91  0  0  0 2026-10-06 17:10:51
 1  0 1391320 14527744 10967212 220097744    0    0     0   174 50210 141828  9  2 89  0  0  0 2026-10-06 17:10:53
31  2 1391320 14521328 10967224 220097764    0    0     0 57832 54607 151093  9  2 89  0  0  0 2026-10-06 17:10:55
 9  0 1391320 14534240 10967232 220097828    2    0     6   314 65131 225813  8  2 87  0  0  3 2026-10-06 17:10:57
 1  0 1391312 15153608 10967424 220102724    4    0  2548 522068 66454 248544  8  2 88  0  0  2 2026-10-06 17:10:59
 9  0 1391312 15153560 10967432 220102740    0    0     0   128 57154 309904  8  2 88  0  0  2 2026-10-06 17:11:01
 9  0 1391312 14609564 10967432 220103012    0    0     0   146 69152 197410  8  2 87  0  0  3 2026-10-06 17:11:03
 2  0 1391312 15108176 10967432 220103016    0    0     0     2 56919 206535  8  2 87  0  0  2 2026-10-06 17:11:05
 1  0 1391312 14272524 10967432 220103076    0    0     0   316 50764 132677  9  2 89  0  0  0 2026-10-06 17:11:07
 2  0 1391312 14276352 10967432 220103076    0    0     0     0 51612 108163  9  2 89  0  0  0 2026-10-06 17:11:09
 0  0 1391312 14866764 10967556 220103540    0    0   226    82 59466 105152  9  2 89  0  0  0 2026-10-06 17:11:11
 0  0 1391312 14863056 10967560 220103628    0    0     2   128 61600 117574  9  2 88  0  0  1 2026-10-06 17:11:13
 0  0 1391312 14866816 10967560 220103636    0    0     0     2 50136 96651  9  2 89  0  0  0 2026-10-06 17:11:15
 0  0 1391312 14913684 10967564 220103588    0    0     0   312 49776 77048  9  2 89  0  0  0 2026-10-06 17:11:17
procs -----------memory---------- ---swap-- -----io---- -system-- -------cpu------- -----timestamp-----
 r  b   swpd   free   buff  cache   si   so    bi    bo   in   cs us sy id wa st gu                 CDT
 2  0 1391312 14482048 10967572 220103612    0    0     0    78 50686 267150  8  2 90  0  0  0 2026-10-06 17:11:19
 1  0 1391312 15234164 10967572 219819316    0    0     0    82 32260 174851  5  1 94  0  0  0 2026-10-06 17:11:21
32  0 1391312 14776412 10967576 219819300    0    0     0   128 48810 212885  7  2 91  0  0  0 2026-10-06 17:11:23
 2  0 1391312 14776904 10967576 219819304    0    0     0 125034 45277 373843  6  1 92  0  0  0 2026-10-06 17:11:25
 0  0 1391312 15263072 10967580 219819380    0    0     0 11140 49494 269351  7  1 91  0  0  0 2026-10-06 17:11:27
 1  0 1391312 14973800 10967580 219819388    0    0     0     0 50293 200861  8  2 91  0  0  0 2026-10-06 17:11:29
 3  0 1391312 15094996 10967580 219819396    0    0     0     4 56603 287646  7  2 92  0  0  0 2026-10-06 17:11:31
 1  0 1391312 15266776 10967588 219819540    0    0     0   524 57240 171326  8  2 90  0  0  1 2026-10-06 17:11:33
 1  0 1391312 15234860 10967588 219819636    2    0     2     4 50251 153243  8  2 91  0  0  0 2026-10-06 17:11:35
 1  0 1391312 15297632 10967592 219819644    0    0     0   412 48029 139428  8  1 91  0  0  0 2026-10-06 17:11:37
32  0 1391312 14779704 10967592 219819624    0    0     0     0 52467 254499  7  1 91  0  0  0 2026-10-06 17:11:39
 0  0 1391312 15327208 10967592 219819620    0    0     0     0 49473 234876  7  2 91  0  0  0 2026-10-06 17:11:41
 1  0 1391312 14760208 10967596 219819624    0    0     0    46 47447 156624  8  2 91  0  0  0 2026-10-06 17:11:43
 1  0 1391308 14740396 10967596 219819620    0    0     0     0 48532 123985  8  2 91  0  0  0 2026-10-06 17:11:45
 4  0 1391308 14740904 10967736 219819492    0    0    68   330 50706 124073  8  2 90  0  0  0 2026-10-06 17:11:47
