procs -----------memory---------- ---swap-- -----io---- -system-- -------cpu------- -----timestamp-----
 r  b   swpd   free   buff  cache   si   so    bi    bo   in   cs us sy id wa st gu                 CDT
 3  0 1390540 12646072 12935544 213800872    6   34   922  9646 5520    0  1  0 99  0  0  0 2026-10-06 18:07:54
 2  0 1390540 12390196 12935544 213801232    0    0    48     0 15064 9653  2  0 98  0  0  0 2026-10-06 18:07:56
 3  0 1390540 11411984 12935728 213890412    0    0     2  1334 32904 27687  2  0 97  0  0  0 2026-10-06 18:07:58
30  6 1390540 9791408 12935744 213891928    0    0     0  2146 61420 108471  4  1 95  0  0  0 2026-10-06 18:08:00
35  0 1390540 9122700 12936280 213908996    0    0     6   650 64221 128904 11  2 87  0  0  0 2026-10-06 18:08:02
 3  0 1390540 9374444 12936504 213931816    0    0     0   144 57625 146235 10  2 88  0  0  0 2026-10-06 18:08:04
35  0 1390540 10141956 12933480 212622852    0    0     2 30064 58857 132361 11  5 85  0  0  0 2026-10-06 18:08:06
37  0 1390540 10446180 12934352 212586376    0    0     2  7070 62158 217200 12  4 84  0  0  0 2026-10-06 18:08:08
35  0 1390540 9264380 12970488 212606320    0    0    32 126384 69329 125665 10  6 84  0  0  0 2026-10-06 18:08:10
 3  0 1390540 12801864 12970740 210755900    0    0     0  7448 41878 68844  7  4 89  0  0  0 2026-10-06 18:08:12
35  0 1390540 12017644 12970904 210222836    0    0     0 868522 66066 189007  7  2 91  0  0  0 2026-10-06 18:08:14
 7  0 1390540 12261300 12970912 210288928    0    0     0  3386 57183 300703  7  2 91  0  0  0 2026-10-06 18:08:16
34  0 1390540 11590108 12971048 210667764    0    0    16 537182 76221 283259  9  2 88  0  0  1 2026-10-06 18:08:18
36  0 1390540 10768064 12971160 210939652    0    0    10 279834 73206 235660 10  2 87  0  0  1 2026-10-06 18:08:20
 7  0 1390540 9792468 12971192 211453820    0    0   212   420 80407 215648  9  2 85  0  0  3 2026-10-06 18:08:22
34  0 1390540 10068104 12971192 211183784    0    0     0   962 48191 267036  7  1 91  0  0  0 2026-10-06 18:08:24
 2  0 1390540 10225432 12971192 211183796    0    0     0     0 56019 213856  9  1 89  0  0  0 2026-10-06 18:08:26
 4  0 1390540 9966240 12971200 211184456    0    0     8  1490 42884 107650  8  1 91  0  0  0 2026-10-06 18:08:28
