procs -----------memory---------- ---swap-- -----io---- -system-- -------cpu------- -----timestamp-----
 r  b   swpd   free   buff  cache   si   so    bi    bo   in   cs us sy id wa st gu                 CDT
 1  0 1390464 12207488 13032072 220955284    6   34   922  9653 5531    0  1  0 99  0  0  0 2026-10-06 18:34:45
 0  0 1390464 12023600 13032076 220955560    0    0     2   330 11754 9347  0  0 100  0  0  0 2026-10-06 18:34:47
 1  0 1390464 12008408 13032076 220955804    0    0     0   258 25868 17037  0  0 99  0  0  0 2026-10-06 18:34:49
11  0 1390464 11372052 13032076 220956080    0    0     0   400 53150 52074  2  1 97  0  0  0 2026-10-06 18:34:51
 0  0 1390464 12101652 13032084 220956096    0    0     0   342 55561 99227  9  2 89  0  0  0 2026-10-06 18:34:53
 1  0 1390464 12107468 13032084 220956096    0    0     0     0 47341 84005  8  2 91  0  0  0 2026-10-06 18:34:55
32  0 1390464 11367428 13032088 220935884    0    0     0  3356 38534 39052  4 10 85  0  0  0 2026-10-06 18:34:57
 7  0 1390464 11255332 13032088 220935880    0    0     0 1473230 59932 44658  5 13 82  0  0  0 2026-10-06 18:34:59
32  0 1390464 11209336 13032088 220935876    0    0     0     0 46382 45630  5 12 83  0  0  0 2026-10-06 18:35:01
32  0 1390464 11368292 13032092 220901844    0    0     0   214 45079 47975  5 12 83  0  0  0 2026-10-06 18:35:03
32  0 1390464 11278772 13032092 220901844    0    0     0     0 45021 43145  5 12 83  0  0  0 2026-10-06 18:35:05
 0  0 1390464 12955508 13032100 219878412    0    0     0   726 24543 30384  2  3 94  0  0  0 2026-10-06 18:35:07
 1  0 1390464 12729876 13032112 219878424    0    0     0   868 55220 116188  6  2 92  0  0  0 2026-10-06 18:35:09
34  0 1390464 12046748 13032112 220163024    0    0     0   838 48963 86297  7  2 91  0  0  0 2026-10-06 18:35:11
32  0 1390464 12042272 13032120 220163032    0    0     0   244 51163 95252  9  2 89  0  0  0 2026-10-06 18:35:13
31  0 1390464 12054468 13032120 220163024    0    0     0     0 53844 103257  9  2 89  0  0  0 2026-10-06 18:35:15
 0  0 1390464 12985268 13032120 219878960    0    0     0   966 38911 131494  6  1 93  0  0  0 2026-10-06 18:35:17
27  0 1390464 12491708 13032120 219878960    0    0     0   484 50237 230014  7  2 91  0  0  0 2026-10-06 18:35:19
32  0 1390464 12508968 13032120 219878956    0    0     0 15172 49311 353378  7  1 92  0  0  0 2026-10-06 18:35:21
