procs -----------memory---------- ---swap-- -----io---- -system-- -------cpu------- -----timestamp-----
 r  b   swpd   free   buff  cache   si   so    bi    bo   in   cs us sy id wa st gu                 CDT
 2  0 1391128 11805104 10964936 214869252    6   34   920  9612 5486    0  1  0 99  0  0  0 2026-10-06 17:16:30
26  0 1391128 10266432 10965028 214892052    0    0     4 130720 96778 135300  5 11 84  0  0  0 2026-10-06 17:16:32
25  0 1391128 10078788 10965032 214908288    0    0     0   310 89689 275932  5  8 86  0  0  0 2026-10-06 17:16:34
33  0 1391128 19381232 10965032 214914292    0    0     0     0 103345 176204  5 12 82  0  0  0 2026-10-06 17:16:36
32  0 1391128 19332908 10965388 214919972    0    0   136 381626 57899 91081  2  4 94  0  0  0 2026-10-06 17:16:38
30  1 1391128 19233060 10965388 214937360    0    0     0     0 94332 207843  5  9 86  0  0  0 2026-10-06 17:16:40
 4  0 1391128 19413376 10965388 214952132    0    0     0     0 93403 189116  5  9 86  0  0  0 2026-10-06 17:16:42
 1  0 1391128 20206108 10965480 215061560    0    0 21108  5160 63037 110062  4  6 90  0  0  0 2026-10-06 17:16:44
