procs -----------memory---------- ---swap-- -----io---- -system-- -------cpu------- -----timestamp-----
 r  b   swpd   free   buff  cache   si   so    bi    bo   in   cs us sy id wa st gu                 CDT
 1  0 1390492 18168820 13013112 214413176    6   34   922  9647 5523    0  1  0 99  0  0  0 2026-10-06 18:25:27
 0  0 1390492 18159116 13013112 214413268    0    0    48     0 9981 8221  0  0 100  0  0  0 2026-10-06 18:25:29
 0  0 1390492 18144288 13013112 214413268    0    0     0     0 9163 7510  0  0 100  0  0  0 2026-10-06 18:25:31
 2  0 1390492 18134036 13013120 214413308    0    0     0   276 10330 7921  0  0 100  0  0  0 2026-10-06 18:25:33
 0  0 1390492 18171908 13013120 214413276    0    0     0     0 20986 9565  0  0 100  0  0  0 2026-10-06 18:25:35
 0  0 1390492 18176940 13013124 214413280    0    0     0   304 20395 9907  0  0 100  0  0  0 2026-10-06 18:25:37
 1  0 1390492 18166020 13013124 214413284    0    0     0     0 20611 9745  0  0 100  0  0  0 2026-10-06 18:25:39
 0  0 1390492 18152676 13013124 214413316    0    0     0    98 42691 34409  1  0 99  0  0  0 2026-10-06 18:25:41
 0  0 1390492 18068592 13013124 214413312    0    0     0     0 52822 43122  1  1 98  0  0  0 2026-10-06 18:25:43
 0  0 1390492 18080844 13013124 214413304    0    0     0     0 54422 43873  1  1 98  0  0  0 2026-10-06 18:25:45
32  0 1390488 17860016 13013128 214413352    2    0     2   344 46321 45030  1  1 98  0  0  0 2026-10-06 18:25:47
 0  0 1390488 18237408 13013128 214413352    0    0     0   152 53605 91417  9  2 89  0  0  0 2026-10-06 18:25:49
20  1 1390488 18076456 13013128 214413380    0    0     0    74 52232 73064  9  3 89  0  0  0 2026-10-06 18:25:51
 0  0 1390488 18185668 13013132 214413380    0    0     0     2 53817 93912  9  2 89  0  0  0 2026-10-06 18:25:53
32  0 1390488 17965736 13013132 214413380    0    0     0     0 52779 97145  9  2 89  0  0  0 2026-10-06 18:25:55
 0  0 1390488 18210024 13013144 214413380    0    0     0   300 51975 181985  8  2 90  0  0  0 2026-10-06 18:25:57
 0  0 1390488 18178700 13013144 214413372    0    0     0  1286 47806 237682  8  2 91  0  0  0 2026-10-06 18:25:59
 0 12 1390488 17407972 13013144 214413372    0    0     0    74 48440 250091  8  2 91  0  0  0 2026-10-06 18:26:01
32  0 1390488 16132592 13013148 215436956    0    0     0  2284 41318 101400  7  2 91  0  0  0 2026-10-06 18:26:03
 1  0 1390488 17240856 13012824 215424520    0    0     0     4 48875 98300 10  2 87  0  0  0 2026-10-06 18:26:05
32  0 1390488 16662800 13012828 215424520    0    0     0   366 57173 128818 10  2 87  0  0  0 2026-10-06 18:26:07
procs -----------memory---------- ---swap-- -----io---- -system-- -------cpu------- -----timestamp-----
 r  b   swpd   free   buff  cache   si   so    bi    bo   in   cs us sy id wa st gu                 CDT
 0  0 1390488 17290944 13012828 215424532    0    0     0     0 49924 97270 11  2 87  0  0  0 2026-10-06 18:26:09
32  0 1390488 16261972 13012828 215424520    0    0     0     0 56047 89532 11  2 87  0  0  0 2026-10-06 18:26:11
 0  0 1390488 17326264 13012828 215424524    0    0     0    50 49578 80764 11  2 87  0  0  0 2026-10-06 18:26:13
32  0 1390488 16824680 13012828 215416252    0    0     0 12910 52583 75669 11  2 87  0  0  0 2026-10-06 18:26:15
32  0 1390488 17076864 13012832 215416244    0    0     0   282 50659 67976 11  2 87  0  0  0 2026-10-06 18:26:17
32  0 1390488 17573800 13012832 215416256    0    0     0 319500 52394 63781 11  2 87  0  0  0 2026-10-06 18:26:19
 1  0 1390488 17610560 13012832 215416256    0    0     0     0 33551 49918  7  1 92  0  0  0 2026-10-06 18:26:21
32  0 1390488 18605928 13012836 214392804    0    0     0   266 44941 76107  6  2 93  0  0  0 2026-10-06 18:26:23
 0  0 1390488 18611316 13012836 214392796    0    0     0     0 52398 93571  7  2 91  0  0  0 2026-10-06 18:26:25
 0  0 1390488 18525548 13012844 214392784    0    0     0   352 54117 100330  7  2 91  0  0  0 2026-10-06 18:26:27
 1  0 1390488 18185568 13012844 214392784    0    0     0     2 52767 100322  6  2 92  0  0  0 2026-10-06 18:26:29
32  0 1390488 18464148 13012844 214392776    0    0     0  1016 50442 104711  6  2 92  0  0  0 2026-10-06 18:26:31
 0  0 1390488 18399908 13012852 214677124    0    0     0   166 45098 190085  6  2 92  0  0  0 2026-10-06 18:26:33
32  0 1390488 17734084 13012852 214677160    0    0     0 67674 50988 210018  9  2 90  0  0  0 2026-10-06 18:26:35
31  0 1390488 17759972 13012852 214677160    0    0     0   320 50585 127314  9  2 89  0  0  0 2026-10-06 18:26:37
32  0 1390488 17794148 13012852 214677160    0    0     0     0 51061 120106  9  2 89  0  0  0 2026-10-06 18:26:39
32  0 1390488 17756412 13012852 214677160    0    0     0     0 51697 95581  9  2 89  0  0  0 2026-10-06 18:26:41
32  0 1390488 18023812 13012856 214677152    0    0     0    54 50170 80166  9  2 90  0  0  0 2026-10-06 18:26:43
32  0 1390488 17678260 13012860 214677144    0    0     0   478 50746 203087  8  2 90  0  0  0 2026-10-06 18:26:45
32  0 1390488 18212044 13012860 214677156    0    0     0   286 46541 355610  7  1 92  0  0  0 2026-10-06 18:26:47
 0  0 1390488 18366092 13012860 214677156    0    0     0     0 49281 349954  7  2 91  0  0  0 2026-10-06 18:26:49
procs -----------memory---------- ---swap-- -----io---- -system-- -------cpu------- -----timestamp-----
 r  b   swpd   free   buff  cache   si   so    bi    bo   in   cs us sy id wa st gu                 CDT
33  0 1390488 17834904 13012864 214677152    0    0     0    50 55710 233238  8  2 90  0  0  0 2026-10-06 18:26:51
 1  0 1390488 18396244 13012864 214677156    0    0     0     2 43279 196285  8  1 91  0  0  0 2026-10-06 18:26:53
33  0 1390488 18545368 13012864 214392852    0    0     0   132 40323 185090  6  1 93  0  0  0 2026-10-06 18:26:55
 2  0 1390488 18105008 13012868 214392820    0    0     0   468 49898 265051  7  1 91  0  0  0 2026-10-06 18:26:57
 0  0 1390488 18611032 13012868 214392820    0    0     0     0 46255 284451  7  1 92  0  0  0 2026-10-06 18:26:59
32  0 1390488 18103624 13012868 214392788    0    0     0     0 50553 250153  7  1 91  0  0  0 2026-10-06 18:27:01
32  0 1390488 18110564 13012868 214392788    0    0     0    54 45481 342683  6  1 92  0  0  0 2026-10-06 18:27:03
32  0 1390488 18180088 13012868 214392788    0    0     0 125768 48949 168644  7  2 91  0  0  0 2026-10-06 18:27:05
31  1 1390488 17833300 13012876 214392988    0    0     0   292 49486 321182  7  1 91  0  0  0 2026-10-06 18:27:07
28  3 1390488 17852896 13012876 214392988    0    0     0  3678 49224 346333  7  1 92  0  0  0 2026-10-06 18:27:09
 1  0 1390488 18330564 13012876 214392988    0    0     0     2 45950 266117  7  1 92  0  0  0 2026-10-06 18:27:11
