procs -----------memory---------- ---swap-- -----io---- -system-- -------cpu------- -----timestamp-----
 r  b   swpd   free   buff  cache   si   so    bi    bo   in   cs us sy id wa st gu                 CDT
 1  0 1390488 18407004 13012884 214393028    6   34   922  9647 5525    0  1  0 99  0  0  0 2026-10-06 18:27:12
 0  0 1390488 18240740 13012884 214393136    0    0     0     4 9789 7806  0  0 100  0  0  0 2026-10-06 18:27:14
 0  0 1390488 18193724 13012888 214393096    0    0     0   450 9193 7332  0  0 100  0  0  0 2026-10-06 18:27:16
 0  0 1390488 18183752 13012888 214392968    0    0     0   960 10860 7947  0  0 100  0  0  0 2026-10-06 18:27:18
 0  0 1390488 18051060 13012888 214392836    0    0     0     0 21121 9765  0  0 100  0  0  0 2026-10-06 18:27:20
 0  0 1390488 18164028 13012892 214393348    0    0     0   216 19843 9232  0  0 100  0  0  0 2026-10-06 18:27:22
 1  0 1390488 18304100 13012892 214393032    0    0     0     0 20298 9835  0  0 100  0  0  0 2026-10-06 18:27:24
 1  0 1390488 18376596 13012896 214392176    0    0     2   404 41452 30904  1  1 99  0  0  0 2026-10-06 18:27:26
 0  0 1390488 18367448 13012896 214392352    0    0     0     0 55237 39888  1  1 98  0  0  0 2026-10-06 18:27:28
 0  0 1390488 18491696 13012900 214392512    0    0     2    20 49809 39555  1  1 98  0  0  0 2026-10-06 18:27:30
 1  0 1390488 18445468 13012900 214393264    0    0     0   646 51390 40127  1  1 98  0  0  0 2026-10-06 18:27:32
 1  0 1390488 18790416 13012908 214218864    0    0     0    54 42928 62433  5  2 93  0  0  0 2026-10-06 18:27:34
32  0 1390488 18617528 13013044 213753680    0    0    54 127752 43925 103885  6  3 91  0  0  0 2026-10-06 18:27:36
 0  0 1390488 18598456 13013044 214393180    0    0     0  1458 46354 118605  6  3 91  0  0  0 2026-10-06 18:27:38
34  0 1390488 17838352 13013132 214393468    0    0    34     0 42392 166084  6  3 91  0  0  0 2026-10-06 18:27:40
10  0 1390488 17807544 13013208 214393368    0    0    16  4834 49039 196152  6  2 92  0  0  0 2026-10-06 18:27:42
 1  0 1390488 18435352 13013216 214393596    0    0     4     0 38868 210568  5  2 92  0  0  0 2026-10-06 18:27:44
27  4 1390488 18381076 13013308 213792404    0    0    34  4886 39998 224505  5  2 92  0  0  0 2026-10-06 18:27:46
 1  0 1390488 19089328 13013308 213818072    0    0     0     0 39793 228538  5  2 92  0  0  0 2026-10-06 18:27:48
 0  0 1390488 18480280 13013324 214393684    0    0     8     6 41426 148473  6  3 91  0  0  0 2026-10-06 18:27:50
 1  0 1390488 18453744 13013364 214393624    0    0    10  4838 38035 167556  5  2 92  0  0  0 2026-10-06 18:27:52
procs -----------memory---------- ---swap-- -----io---- -system-- -------cpu------- -----timestamp-----
 r  b   swpd   free   buff  cache   si   so    bi    bo   in   cs us sy id wa st gu                 CDT
 1  0 1390488 17716736 13013368 214258484    0    0     2   424 31954 109836  6  2 92  0  0  0 2026-10-06 18:27:54
32  0 1390488 17756560 13013420 214258436    0    0    18  7528 37346 101412  7  3 90  0  0  0 2026-10-06 18:27:56
31  0 1390488 17740472 13013420 214258496    0    0     0     0 40377 84037  7  3 90  0  0  0 2026-10-06 18:27:58
32  0 1390488 18391048 13013572 214259204    0    0    76     0 37890 57461  7  3 90  0  0  0 2026-10-06 18:28:00
32  0 1390488 17465640 13013648 214316420    0    0    30  6538 40788 68140  8  3 89  0  0  0 2026-10-06 18:28:02
 1  0 1390488 17626168 13013652 214259064    0    0     2     0 39165 73356  7  3 90  0  0  0 2026-10-06 18:28:04
31  1 1390488 16696800 13013716 215311280    0    0    12 19676 37335 174897  6  2 91  0  0  0 2026-10-06 18:28:06
30  3 1390488 16652244 13013720 215302616    0    0     2  7370 40134 216447  6  2 92  0  0  0 2026-10-06 18:28:08
 1  0 1390488 17508588 13013728 215379068    0    0     4     0 37985 183573  6  2 92  0  0  0 2026-10-06 18:28:10
 1  0 1390488 16487508 13013784 215417868    0    0    10  7634 38646 142455  7  3 90  0  0  0 2026-10-06 18:28:12
 1  0 1390488 17437344 13013784 215397512    0    0     0     0 37410 171765  6  2 92  0  0  0 2026-10-06 18:28:14
23  0 1390488 17555684 13013836 214259060    0    0    18  6520 39706 143004  7  3 91  0  0  0 2026-10-06 18:28:16
33  0 1390488 17786448 13013836 214259128    0    0     0     4 38726 125307  7  3 90  0  0  0 2026-10-06 18:28:18
 2  0 1390488 17482676 13013856 215418092    0    0    10     0 37348 124648  7  3 90  0  0  0 2026-10-06 18:28:20
30  2 1390488 17948400 13013880 214368740    0    0     0  6004 24087 132175  3  1 96  0  0  0 2026-10-06 18:28:22
 0  0 1390488 18233964 13013880 214394492    0    0     0     4 51149 190927  5  2 92  0  0  0 2026-10-06 18:28:24
32  0 1390488 17979076 13013904 214394256    0    0     0 320140 51618 154085  6  3 91  0  0  0 2026-10-06 18:28:26
 3  0 1390488 18414588 13013904 214328892    0    0     0     0 50569 211454  5  2 92  0  0  0 2026-10-06 18:28:28
 0  0 1390488 18336528 13013908 214394416    0    0     0   320 51792 161580  6  3 92  0  0  0 2026-10-06 18:28:30
 1  0 1390488 18443576 13013908 214376044    0    0     0     0 48058 168982  6  3 92  0  0  0 2026-10-06 18:28:32
32  0 1390488 18527072 13013908 214258896    0    0     0     0 48279 280090  5  2 93  0  0  0 2026-10-06 18:28:34
procs -----------memory---------- ---swap-- -----io---- -system-- -------cpu------- -----timestamp-----
 r  b   swpd   free   buff  cache   si   so    bi    bo   in   cs us sy id wa st gu                 CDT
 1  0 1390488 18445784 13013932 214418708    0    0     0  1018 42383 227109  6  2 93  0  0  0 2026-10-06 18:28:36
 1  0 1390488 17591572 13013952 214646008    0    0     0     0 48723 265187  7  2 91  0  0  0 2026-10-06 18:28:38
32  0 1390488 18213536 13013968 214145000    0    0     0     0 43977 175197  7  2 91  0  0  0 2026-10-06 18:28:40
30  0 1390488 18114944 13013996 214144940    0    0     0 10444 41590 277069  6  2 92  0  0  0 2026-10-06 18:28:42
 0  0 1390488 18196224 13014000 214678784    0    0     0     0 44054 225680  6  2 92  0  0  0 2026-10-06 18:28:44
32  0 1390488 18250844 13014016 214145264    0    0     2  3110 40990 212069  6  2 92  0  0  0 2026-10-06 18:28:46
 1  0 1390488 17566216 13014016 214678776    0    0     0     0 45885 247948  7  2 91  0  0  0 2026-10-06 18:28:48
33  0 1390488 18149032 13014016 214144992    0    0     0     0 47440 206802  7  2 91  0  0  0 2026-10-06 18:28:50
 1  0 1390488 18337764 13014032 214451464    0    0     0  5322 41612 169720  7  2 91  0  0  0 2026-10-06 18:28:52
 1  0 1390488 17992288 13014032 214144956    0    0     0     0 42461 244081  7  2 91  0  0  0 2026-10-06 18:28:54
 0  0 1390488 18127988 13014052 214678772    0    0     2  3128 42963 213427  6  2 92  0  0  0 2026-10-06 18:28:56
 2  0 1390488 18048176 13014052 214144952    0    0     0     2 43611 230689  7  2 91  0  0  0 2026-10-06 18:28:58
 0  0 1390488 18172384 13014052 214678812    0    0     0     0 34149 161156  5  1 93  0  0  0 2026-10-06 18:29:00
32  0 1390488 18165548 13014064 214144996    0    0     0  2496 43588 312169  6  1 93  0  0  0 2026-10-06 18:29:02
32  0 1390488 18196480 13014064 214144996    0    0     0     2 43749 237014  6  2 92  0  0  0 2026-10-06 18:29:04
32  0 1390484 17542464 13014096 214145168    0    0     0   844 48643 213096  6  2 92  0  0  0 2026-10-06 18:29:06
 1  0 1390484 17629648 13014100 214369940    0    0     0 67674 48897 230158  7  2 91  0  0  0 2026-10-06 18:29:08
 0  0 1390484 18045600 13014100 214394524    0    0     0     0 46618 172818  6  2 92  0  0  0 2026-10-06 18:29:10
 2  0 1390484 18138584 13014108 214394516    0    0     0   604 43263 114549  7  2 91  0  0  0 2026-10-06 18:29:12
31  1 1390484 17799556 13014108 214161392    0    0     0   926 47991 94575  7  2 91  0  0  0 2026-10-06 18:29:14
 0  0 1390484 18175600 13014116 214394488    0    0     0   854 47234 81693  7  2 91  0  0  0 2026-10-06 18:29:16
procs -----------memory---------- ---swap-- -----io---- -system-- -------cpu------- -----timestamp-----
 r  b   swpd   free   buff  cache   si   so    bi    bo   in   cs us sy id wa st gu                 CDT
32  0 1390484 17946928 13014116 214145000    0    0     0  3566 46745 147085  7  2 91  0  0  0 2026-10-06 18:29:18
 1  0 1390484 18447964 13014116 214199928    0    0     0     0 42582 317260  6  2 93  0  0  0 2026-10-06 18:29:20
