procs -----------memory---------- ---swap-- -----io---- -system-- -------cpu------- -----timestamp-----
 r  b   swpd   free   buff  cache   si   so    bi    bo   in   cs us sy id wa st gu                 CDT
 3  0 1390568 21864876 12846660 209344516    6   34   922  9641 5514    0  1  0 99  0  0  0 2026-10-06 18:00:17
 2  0 1390568 21673532 12846660 209350756    0    0  3232     0 12965 8216  2  0 98  0  0  0 2026-10-06 18:00:19
19  0 1390568 15438996 12846928 209402432    0    0   576  2648 58934 15508 29  2 69  0  0  0 2026-10-06 18:00:21
17  0 1390568 15560872 12846936 209427084    0    0    16   454 27214 7053 12  0 88  0  0  0 2026-10-06 18:00:23
11  0 1390568 15599280 12846936 209430740    0    0    64     0 33624 9126  9  0 91  0  0  0 2026-10-06 18:00:25
 7  0 1390568 16180644 12846940 209489284    0    0     0   412 30741 9393  7  0 93  0  0  0 2026-10-06 18:00:27
 6  0 1390568 16651268 12846952 209505820    0    0     6   908 29081 9152  5  0 94  0  0  0 2026-10-06 18:00:29
 6  0 1390568 16813236 12846964 209508460    0    0    10    36 48736 28314  5  1 94  0  0  0 2026-10-06 18:00:31
 6  0 1390568 17107664 12846968 209541272    0    0     2   384 55404 41574  5  1 94  0  0  0 2026-10-06 18:00:33
 5  0 1390568 17249124 12846996 209541236    0    0     4     2 63489 42602  5  1 94  0  0  0 2026-10-06 18:00:35
 5  0 1390568 17025380 12847228 209550812    0    0  2856  8536 64098 54980  5  1 94  0  0  0 2026-10-06 18:00:37
 4  0 1390568 17707380 12848464 209592392    0    0   664  3784 63114 106466  8  2 90  0  0  0 2026-10-06 18:00:39
 4  0 1390568 17233384 12848720 209828924    0    0     6 141514 54129 107045 10  3 87  0  0  0 2026-10-06 18:00:41
 3  0 1390568 17238504 12848808 209833068    0    0    36     2 56314 166165 10  3 87  0  0  0 2026-10-06 18:00:43
33  0 1390568 20962440 12850796 209944204    0    0  2782 12552 66844 181713  9  3 87  0  0  0 2026-10-06 18:00:45
33  0 1390568 21171956 12850808 209519552    0    0  7482 228184 57050 230252  6  3 91  0  0  0 2026-10-06 18:00:47
33  0 1390568 21084580 12851248 209532416    0    0  5208  9946 52421 175651  7  3 90  0  0  0 2026-10-06 18:00:49
66  0 1390568 10467800 12851668 209551456    0    0   278  5004 81362 263260 20  4 76  0  0  0 2026-10-06 18:00:51
37  0 1390568 6816808 12851820 210209284    0    0    10  6484 95451 338227 28  5 67  0  0  0 2026-10-06 18:00:53
33  0 1390568 7032392 12852156 210240988    0    0     0 150504 101025 338162 29  5 66  0  0  0 2026-10-06 18:00:55
65  0 1390568 6661288 12881096 209548364    0    0     2 10900 109090 321214 29  5 66  0  0  0 2026-10-06 18:00:57
procs -----------memory---------- ---swap-- -----io---- -system-- -------cpu------- -----timestamp-----
 r  b   swpd   free   buff  cache   si   so    bi    bo   in   cs us sy id wa st gu                 CDT
34  0 1390568 5776744 12886204 210191300    0    0    68 50722 96421 226316 26  5 69  0  0  0 2026-10-06 18:00:59
64  0 1390568 16167452 12883032 208376412    0    0   186 866382 101779 164375 20 10 70  1  0  0 2026-10-06 18:01:01
63  0 1390568 17368596 12883044 207004096    0    0   414 591020 111621 166119 24  8 66  1  0  0 2026-10-06 18:01:03
65  0 1390568 22620444 12880696 206600300    0    0   204 11798 101857 181361 23  9 67  0  0  0 2026-10-06 18:01:05
58  0 1390568 14422704 12880976 206438816    0    0   170 740838 110484 235544 27  6 67  0  0  1 2026-10-06 18:01:07
35  0 1390568 10340732 12881268 207717248    0    0   206 15598 102500 254734 28  6 65  0  0  1 2026-10-06 18:01:09
38  0 1390568 10647828 12881408 206886976    0    0   152     0 104822 259906 28  6 65  0  0  1 2026-10-06 18:01:11
 3  0 1390568 24948092 12881208 206630100    0    0  9470  5232 84125 137297  9  5 83  0  0  3 2026-10-06 18:01:13
 3  0 1390568 24501552 12881084 206734060    0    0    26     0 44161 92736  8  3 89  0  0  0 2026-10-06 18:01:15
 2  0 1390568 22723436 12881284 207160476    0    0    82  7908 43430 71848  9  3 88  0  0  0 2026-10-06 18:01:17
34  0 1390568 21300316 12881320 207166872    0    0    12  1784 44832 84780  9  3 88  0  0  0 2026-10-06 18:01:19
34  0 1390568 21248720 12881364 206809828    0    0    22    32 47063 78392  9  3 88  0  0  0 2026-10-06 18:01:21
34  0 1390568 21440900 12881480 206021344    0    0    40  7970 51102 118217  8  3 88  0  0  1 2026-10-06 18:01:23
 3  0 1390568 20756740 12881520 206826488    0    0     6  3102 43061 114784  9  3 88  0  0  0 2026-10-06 18:01:25
 2  0 1390568 20331336 12881544 207184328    0    0    12    24 45434 85999  9  3 88  0  0  0 2026-10-06 18:01:27
 3  0 1390568 19691560 12881600 207184532    0    0     0  6722 45150 60625  9  3 88  0  0  0 2026-10-06 18:01:29
 5  0 1390568 19415976 12881632 207227236    0    0 21068  3980 31860 47050  6  2 92  0  0  0 2026-10-06 18:01:31
 3  0 1390568 20013136 12881632 206204232    0    0     0   118 51149 97790  7  3 90  0  0  0 2026-10-06 18:01:33
34  0 1390568 19493176 12881692 206117216    0    0     8 10022 60714 90945  7  3 89  0  0  0 2026-10-06 18:01:35
 4  0 1390568 19360004 12881692 206205732    0    0     0    28 56383 140260  7  3 90  0  0  0 2026-10-06 18:01:37
 2  0 1390568 19032868 12881716 206207004    0    0     0  2238 58759 285363  7  2 90  0  0  0 2026-10-06 18:01:39
procs -----------memory---------- ---swap-- -----io---- -system-- -------cpu------- -----timestamp-----
 r  b   swpd   free   buff  cache   si   so    bi    bo   in   cs us sy id wa st gu                 CDT
 2  0 1390568 18726744 12881740 206207364    0    0     0  6582 60024 211638  7  2 90  0  0  0 2026-10-06 18:01:41
12  0 1390564 22404188 12881740 206112544    0    0   516     2 57784 168724  7  3 90  0  0  0 2026-10-06 18:01:43
 2  0 1390564 24266580 12881796 206496412    0    0    10  5100 53154 130487  7  3 90  0  0  0 2026-10-06 18:01:45
34  0 1390560 23918996 12881808 205962828    0    0     4   954 54226 215981  8  2 89  0  0  0 2026-10-06 18:01:47
 2  0 1390560 23494384 12881828 206496648    0    0     0  3108 46797 196771  8  2 90  0  0  0 2026-10-06 18:01:49
42  0 1390560 23158776 12881860 205963452    0    0     2  2938 55096 180710  8  2 88  0  0  1 2026-10-06 18:01:51
34  0 1390560 22207968 12881864 205963184    0    0     2    32 54415 257629  8  2 88  0  0  2 2026-10-06 18:01:53
 2  0 1390560 21840884 12881912 206498204    0    0     2  4668 59106 205259  8  2 87  0  0  3 2026-10-06 18:01:55
 4  0 1390560 21279696 12881936 206118692    0    0     0  1396 48247 230956  8  2 90  0  0  1 2026-10-06 18:01:57
42  0 1390560 20296168 12881956 205970284    0    0     0  2380 51720 243220  8  2 89  0  0  1 2026-10-06 18:01:59
35  1 1390560 19609112 12881956 206394064    0    0     0     4 57488 236758  8  2 86  0  0  3 2026-10-06 18:02:01
 2  0 1390560 19803692 12882008 206505944    0    0     0  4890 55003 219042  8  2 88  0  0  2 2026-10-06 18:02:03
42  0 1390560 19667100 12882008 205975004    0    0     0   124 48712 191155  9  2 89  0  0  0 2026-10-06 18:02:05
 4  0 1390560 18917804 12882012 206516608    0    0     2     0 58950 192822  8  2 86  0  0  3 2026-10-06 18:02:07
35  0 1390560 19705784 12882080 205987512    0    0     0  5430 58398 196575  8  2 89  0  0  1 2026-10-06 18:02:09
 5  0 1390560 19149820 12882080 206136684    0    0     0  4424 41167 122940  7  2 92  0  0  0 2026-10-06 18:02:11
35  0 1390560 18868828 12882116 205990092    0    0     0  3462 59287 189850  8  2 88  0  0  1 2026-10-06 18:02:13
35  0 1390560 18260624 12882140 206101336    0    0     4 69706 63809 147161  8  2 88  0  0  2 2026-10-06 18:02:15
 3  0 1390560 17450576 12882140 206329428    0    0     0  3072 51660 142511  9  2 88  0  0  1 2026-10-06 18:02:17
 3  0 1390560 17700152 12882176 206368716    0    0     0  4496 59727 115500  8  2 88  0  0  1 2026-10-06 18:02:19
 2  0 1390560 17799640 12882216 206392300    0    0     0  1306 49751 187431  8  2 90  0  0  0 2026-10-06 18:02:21
procs -----------memory---------- ---swap-- -----io---- -system-- -------cpu------- -----timestamp-----
 r  b   swpd   free   buff  cache   si   so    bi    bo   in   cs us sy id wa st gu                 CDT
28  6 1390560 24855536 12882216 206212344    0    0     0     0 56761 246670  7  2 89  0  0  1 2026-10-06 18:02:23
 2  0 1390560 24778684 12882224 206398468    0    0     0  2906 54392 316234  7  2 90  0  0  2 2026-10-06 18:02:25
 2  0 1390560 23626692 12882224 206403080    0    0     0     0 55078 224784  8  2 89  0  0  1 2026-10-06 18:02:27
 3  0 1390560 23172008 12882256 206413256    0    0     0  2086 58303 200243  8  2 89  0  0  1 2026-10-06 18:02:29
34  0 1390560 22301448 12882256 206164376    0    0     0    60 48885 160824  8  2 90  0  0  0 2026-10-06 18:02:31
