procs -----------memory---------- ---swap-- -----io---- -system-- -------cpu------- -----timestamp-----
 r  b   swpd   free   buff  cache   si   so    bi    bo   in   cs us sy id wa st gu                 CDT
 5  0 1390572 20411368 12846276 207967164    6   34   922  9640 5512    0  1  0 99  0  0  0 2026-10-06 17:58:30
 7  0 1390572 18547908 12846284 207986744    0    0  1386     0 20874 8681  6  0 94  0  0  0 2026-10-06 17:58:32
 9  0 1390572 17588672 12846292 207997108    0    0   682 103124 21857 9343  6  0 94  0  0  0 2026-10-06 17:58:34
10  0 1390568 16688576 12846308 208178768    0    0 21166   142 21924 8694  7  0 93  0  0  0 2026-10-06 17:58:36
 9  0 1390568 16021420 12846316 208180052    0    0     0   340 30656 9515  7  0 93  0  0  0 2026-10-06 17:58:38
 9  0 1390568 16981216 12846332 208204844    0    0     6 205448 36788 14319  6  0 93  0  0  1 2026-10-06 17:58:40
 7  0 1390568 17118904 12846340 208205100    0    0     0  2564 29066 9824  6  0 94  0  0  0 2026-10-06 17:58:42
 7  0 1390568 17288312 12846340 208208660    0    0     0 27326 51755 36707  6  0 93  0  0  0 2026-10-06 17:58:44
 7  0 1390568 17637416 12846380 208209940    0    0     0   400 68840 50825  6  1 92  0  0  1 2026-10-06 17:58:46
 6  0 1390568 17699332 12846384 208270276    0    0     0   284 63581 44294  6  1 93  0  0  0 2026-10-06 17:58:48
 3  0 1390568 18786056 12846388 208476856    0    0     0 54630 60010 47670  4  1 95  0  0  0 2026-10-06 17:58:50
14  0 1390568 18644004 12846400 208477024    0    0     0   532 53225 203807 10  2 87  0  0  0 2026-10-06 17:58:52
 3  0 1390568 18971960 12846404 208477032    0    0     2 91410 55850 186745 11  2 87  0  0  0 2026-10-06 17:58:54
 3  0 1390568 18763860 12846404 208477156    0    0     0     0 57378 235982 10  2 88  0  0  0 2026-10-06 17:58:56
 3  0 1390568 18581184 12846412 208477400    0    0     0   510 55120 139010 11  2 87  0  0  0 2026-10-06 17:58:58
 3  0 1390568 18521676 12846412 208489948    0    0     0 51932 65364 146107 11  2 86  0  0  1 2026-10-06 17:59:00
 3  0 1390568 18154552 12846424 208490780    0    0     0 130652 59699 123576 11  2 87  0  0  0 2026-10-06 17:59:02
35  0 1390568 17888564 12846424 208490816    0    0     0 22890 59626 112990 11  2 86  0  0  0 2026-10-06 17:59:04
35  0 1390568 16545756 12846432 209634856    0    0     0   794 45187 121639  9  2 88  0  0  1 2026-10-06 17:59:06
34  0 1390568 15757796 12846436 209635472    0    0     0  2496 53586 110080 13  2 85  0  0  0 2026-10-06 17:59:08
35  0 1390568 16134056 12846440 209635508    0    0     2 85824 52917 154079 12  2 86  0  0  0 2026-10-06 17:59:10
procs -----------memory---------- ---swap-- -----io---- -system-- -------cpu------- -----timestamp-----
 r  b   swpd   free   buff  cache   si   so    bi    bo   in   cs us sy id wa st gu                 CDT
 4  0 1390568 16794616 12846452 209635584    0    0     0   314 51815 190445 12  2 86  0  0  0 2026-10-06 17:59:12
36  0 1390568 16056372 12846452 209635580    0    0     0     4 50454 204578 12  2 86  0  0  0 2026-10-06 17:59:14
 3  1 1390568 17280136 12846452 209635856    0    0     0    34 49434 178543 12  2 86  0  0  0 2026-10-06 17:59:16
35  1 1390568 16064412 12846472 209635856    0    0     0 13278 49238 245038 10  2 87  0  0  0 2026-10-06 17:59:18
35  0 1390568 16365012 12846476 209635928    0    0    38 34332 51662 220579 11  2 87  0  0  0 2026-10-06 17:59:20
35  0 1390568 16736240 12846484 209635896    0    0     0 319598 53419 230186 11  2 87  0  0  0 2026-10-06 17:59:22
35  0 1390568 17489560 12846484 209635896    0    0     0  1840 50835 190660 11  2 86  0  0  0 2026-10-06 17:59:24
 4  0 1390568 17649808 12846484 209635864    0    0     0 97758 40804 98927  9  1 90  0  0  0 2026-10-06 17:59:26
 5  0 1390568 18512040 12846496 208612456    0    0     0  1112 49567 179868  8  2 91  0  0  0 2026-10-06 17:59:28
33  0 1390568 18213060 12846496 208612492    0    0     0     0 56477 233317  8  2 90  0  0  0 2026-10-06 17:59:30
 3  0 1390568 18292848 12846512 208612536    0    0     0   438 56867 178379  9  2 89  0  0  0 2026-10-06 17:59:32
35  0 1390568 17978920 12846512 208970904    0    0     0     0 55485 145959  8  2 90  0  0  0 2026-10-06 17:59:34
 2  0 1390568 18694472 12846512 208831996    0    0     0     0 55429 108149  8  2 90  0  0  0 2026-10-06 17:59:36
 2  0 1390568 18292756 12846540 208832020    0    0     0 72034 50114 125753  7  2 91  0  0  0 2026-10-06 17:59:38
33  1 1390568 17500880 12846540 209116404    0    0     0   998 45845 347805  9  2 90  0  0  0 2026-10-06 17:59:40
34  0 1390568 17451716 12846544 209116448    0    0     0   268 51786 273116  9  1 89  0  0  0 2026-10-06 17:59:42
34  0 1390568 17940520 12846560 209116384    0    0     0    58 51269 211454  9  2 89  0  0  0 2026-10-06 17:59:44
34  0 1390568 17479000 12846560 209116472    0    0     0   136 55578 246642 10  2 88  0  0  0 2026-10-06 17:59:46
34  0 1390568 17528984 12846564 209116484    0    0     0   292 51317 165431 10  2 88  0  0  0 2026-10-06 17:59:48
 7  0 1390568 15971244 12846568 209117784    0    0     0     0 53829 199223 11  2 87  0  0  0 2026-10-06 17:59:50
35  0 1390568 17783784 12846572 209119344    0    0     0   328 54627 205635 11  2 87  0  0  0 2026-10-06 17:59:52
procs -----------memory---------- ---swap-- -----io---- -system-- -------cpu------- -----timestamp-----
 r  b   swpd   free   buff  cache   si   so    bi    bo   in   cs us sy id wa st gu                 CDT
 5  0 1390568 17624296 12846572 209121328    0    0     0     4 58631 237434 12  2 87  0  0  0 2026-10-06 17:59:54
 5  0 1390568 18381984 12846572 209121756    0    0     0     0 54445 223958 11  2 87  0  0  0 2026-10-06 17:59:56
 4  0 1390568 19264332 12846584 209121756    0    0     0   306 58262 138370 12  2 86  0  0  0 2026-10-06 17:59:58
 8  0 1390568 19397584 12846584 208837448    0    0     0   126 43453 79953  9  1 89  0  0  0 2026-10-06 18:00:00
 3  0 1390568 20415408 12846592 208853536    0    0    38   244 55113 80906 11  2 87  0  0  0 2026-10-06 18:00:02
 6  0 1390568 20031992 12846596 208853512    0    0     0   212 55661 229431 10  2 88  0  0  0 2026-10-06 18:00:04
23  0 1390568 20029764 12846596 208853524    0    0     0 109488 59792 172836 10  2 88  0  0  0 2026-10-06 18:00:06
35  0 1390568 20117532 12846596 208884244    0    0     0   442 51677 159692 10  2 89  0  0  0 2026-10-06 18:00:08
 8  0 1390568 21091864 12846616 208887108    0    0     0 232548 55964 186624  9  1 90  0  0  0 2026-10-06 18:00:10
34  0 1390568 21243308 12846620 209499356    0    0     0     0 52026 301869  8  2 90  0  0  0 2026-10-06 18:00:12
 2  0 1390568 21677608 12846620 209344468    0    0     0  3758 53797 310544  8  1 90  0  0  0 2026-10-06 18:00:14
 2  0 1390568 21629964 12846628 209344472    0    0     0   604 51402 339536  8  1 90  0  0  0 2026-10-06 18:00:16
