procs -----------memory---------- ---swap-- -----io---- -system-- -------cpu------- -----timestamp-----
 r  b   swpd   free   buff  cache   si   so    bi    bo   in   cs us sy id wa st gu                 CDT
 2  0 1390764 21710424 11282192 213267584    6   34   920  9625 5495    0  1  0 99  0  0  0 2026-10-06 17:30:41
 0  0 1390764 20998320 11285836 213656012    0    0 190680    78 58316 50949  1  1 98  0  0  0 2026-10-06 17:30:43
 0  0 1390764 20981228 11285856 213656452    0    0     0  1328 52542 43190  1  1 99  0  0  0 2026-10-06 17:30:45
 8  0 1390764 21024012 11285860 213656484    0    0     0     0 47686 43063  1  1 98  0  0  0 2026-10-06 17:30:47
14  0 1390764 21169124 11285860 213656496    0    0     0 124742 46525 42546  1  1 99  0  0  0 2026-10-06 17:30:49
 0  0 1390764 21109036 11285860 213656512    0    0     0   120 55251 43177  1  1 98  0  0  0 2026-10-06 17:30:51
 0  0 1390764 21174488 11285860 213656556    0    0     0   176 57440 44141  1  1 99  0  0  0 2026-10-06 17:30:53
32  0 1390764 20420348 11285868 213688124    0    0 15754   366 41913 45669  2  6 92  0  0  0 2026-10-06 17:30:55
 8  0 1390764 20444836 11285868 213688172    0    0     0  1142 46050 63867  4 11 85  0  0  0 2026-10-06 17:30:57
33  0 1390760 20885296 11285868 213684612    0    0     0     8 46257 65605  4 10 86  0  0  0 2026-10-06 17:30:59
33  0 1390760 20429380 11285868 213684612    0    0     0    84 39324 153997  4  8 88  0  0  0 2026-10-06 17:31:01
32  0 1390760 20929608 11285868 213684612    0    0     0  4590 50349 92245  4 10 86  0  0  0 2026-10-06 17:31:03
 3  0 1390760 21205476 11285872 213684612    0    0     0   346 46324 62806  4 12 84  0  0  0 2026-10-06 17:31:05
32  0 1390760 20254052 11285872 213684680    0    0     0     0 45254 56978  4 12 84  0  0  0 2026-10-06 17:31:07
32  0 1390760 20270804 11285872 213684680    0    0     0     2 46004 47338  4 11 85  0  0  0 2026-10-06 17:31:09
 8  0 1390760 20428748 11285876 213684680    0    0     0    60 44736 112201  4  9 88  0  0  0 2026-10-06 17:31:11
16  0 1390760 20711864 11285876 213684772    0    0    10  2614 48426 89851  4  9 87  0  0  0 2026-10-06 17:31:13
 2  0 1390760 20284544 11285884 213684676    0    0     0   370 40862 87608  4 10 86  0  0  0 2026-10-06 17:31:15
 1  0 1390760 20371596 11285884 213684676    0    0     0     0 41856 72361  4 10 86  0  0  0 2026-10-06 17:31:17
16  0 1390760 20332716 11285884 213684676    0    0     0 15826 43630 64209  4 10 86  0  0  0 2026-10-06 17:31:19
32  0 1390760 20387556 11285888 213684676    0    0     0    98 45773 54959  4 12 84  0  0  0 2026-10-06 17:31:21
procs -----------memory---------- ---swap-- -----io---- -system-- -------cpu------- -----timestamp-----
 r  b   swpd   free   buff  cache   si   so    bi    bo   in   cs us sy id wa st gu                 CDT
32  0 1390760 20794976 11285896 213684780    0    0    22    10 48296 55717  4 12 84  0  0  0 2026-10-06 17:31:23
 0  0 1390760 21229780 11285904 213684868    0    0     0   324 45298 66213  4 11 85  0  0  0 2026-10-06 17:31:25
 0  0 1390760 21234936 11285904 213684868    0    0     0     0 42242 136534  4  9 87  0  0  0 2026-10-06 17:31:27
 0  0 1390760 21225052 11285904 213684836    0    0     0 320568 46784 119844  4  8 88  0  0  0 2026-10-06 17:31:29
32  0 1390760 20534308 11285908 213684836    0    0     0   278 41233 142920  4  8 89  0  0  0 2026-10-06 17:31:31
 0  0 1390760 21238316 11285908 213684832    0    0     0     6 44216 138584  4  8 88  0  0  0 2026-10-06 17:31:33
 1  0 1390760 21231096 11285912 213684904    0    0     0   338 41512 170578  4  7 89  0  0  0 2026-10-06 17:31:35
 2  1 1390760 20395160 11285912 213684904    0    0     0   108 40121 162730  4  8 88  0  0  0 2026-10-06 17:31:37
 1  0 1390760 21218912 11285912 213684904    0    0     0  5834 44040 183845  4  7 89  0  0  0 2026-10-06 17:31:39
 1  0 1390760 21239444 11285920 213684900    0    0     0    90 19825 69063  2  3 95  0  0  0 2026-10-06 17:31:41
16  0 1390760 20401048 11285920 213684956    0    0     4     0 27085 66176  2  4 94  0  0  0 2026-10-06 17:31:43
 0  1 1390760 22466764 11277560 212898784    0    0    28 12694 40106 79537  4  6 89  0  0  0 2026-10-06 17:31:45
32  0 1390760 22307380 11277560 212840092    0    0     0    62 40829 167127  6  5 89  0  0  0 2026-10-06 17:31:47
19  0 1390760 21480608 11277552 212814068    0    0     0     0 44640 175839  6  5 89  0  0  0 2026-10-06 17:31:49
 4  1 1390760 22100004 11277552 212784548    0    0     0    40 43569 108876  6  7 87  0  0  0 2026-10-06 17:31:51
32  0 1390760 21418064 11277556 212784544    0    0     0     2 44496 132322  6  6 87  0  0  0 2026-10-06 17:31:53
29  0 1390760 22102584 11277564 212757740    0    0     0   288 42957 64639  6  8 86  0  0  0 2026-10-06 17:31:55
32  0 1390760 21434424 11277640 212752656    0    0  2860   128 52470 69930  6  9 85  0  0  0 2026-10-06 17:31:57
 0  0 1390756 22496328 11277640 212744056   12    0    12     0 44780 90061  6  7 87  0  0  0 2026-10-06 17:31:59
32  0 1390756 21416396 11277640 212711980    0    0     2     0 44411 99550  6  7 87  0  0  0 2026-10-06 17:32:01
 0  0 1390756 22567684 11277644 212672600    0    0     4   218 43860 89156  6  7 87  0  0  0 2026-10-06 17:32:03
procs -----------memory---------- ---swap-- -----io---- -system-- -------cpu------- -----timestamp-----
 r  b   swpd   free   buff  cache   si   so    bi    bo   in   cs us sy id wa st gu                 CDT
33  0 1390756 21516384 11277484 212639172    0    0     0   282 46076 83174  6  7 87  0  0  0 2026-10-06 17:32:05
 3  0 1390756 21570808 11277484 212627372    0    0     6     0 42451 117767  6  7 88  0  0  0 2026-10-06 17:32:07
27  5 1390756 21604572 11273976 212601268    0    0     0   122 47427 106672  6  7 87  0  0  0 2026-10-06 17:32:09
 0  0 1390756 22533988 11273976 212600072    0    0     2     0 45026 78452  6  8 86  0  0  0 2026-10-06 17:32:11
 8  0 1390756 21931460 11273984 212579164    0    0     0    80 47178 67288  6  8 85  0  0  0 2026-10-06 17:32:13
40  0 1390756 21512908 11273996 212649756    0    0     0    72 48648 79638  6  8 85  0  0  0 2026-10-06 17:32:15
 0  1 1390756 22453376 11274000 212652604    0    0     0 257074 45197 92439  6  7 87  0  0  0 2026-10-06 17:32:17
 2  0 1390756 21533128 11273996 212645008    0    0     8 166236 68623 67558  6  8 85  0  0  1 2026-10-06 17:32:19
32  0 1390756 21538088 11273948 212620760    0    0     0   250 45719 78837  6  8 86  0  0  0 2026-10-06 17:32:21
 0  0 1390756 22765788 11273948 212599436    0    0     0 1160876 52047 198234  5  5 90  0  0  0 2026-10-06 17:32:23
 8  0 1390756 21570828 11273952 212599448    0    0     6    50 44941 146034  6  6 88  0  0  0 2026-10-06 17:32:25
 2  0 1390756 22517156 11273956 212599452    0    0     0   284 41935 104082  6  7 87  0  0  0 2026-10-06 17:32:27
16  0 1390756 21454452 11273956 212599444    0    0     0  1762 46000 78851  7  8 85  0  0  0 2026-10-06 17:32:29
23  0 1390756 21681656 11273964 212587184    0    0     0    74 44755 56778  6  8 86  0  0  0 2026-10-06 17:32:31
 1  0 1390756 22660496 11273964 212587184    0    0     0    16 24795 36432  3  4 93  0  0  0 2026-10-06 17:32:33
 1  0 1390756 22650732 11273964 212587216    0    0     0   146 18012 48484  2  2 96  0  0  0 2026-10-06 17:32:35
16  0 1390756 21598700 11273972 212587224    0    0     0   304 22521 62736  3  1 96  0  0  0 2026-10-06 17:32:37
 1  0 1390756 21632228 11273972 212871660    0    0     0   110 42701 157335  6  2 93  0  0  0 2026-10-06 17:32:39
 0  0 1390756 22239688 11273980 212871660    0    0     0   654 52122 143760  8  2 91  0  0  0 2026-10-06 17:32:41
32  0 1390756 21702496 11273980 212871660    0    0     0    16 49743 120024  8  2 90  0  0  0 2026-10-06 17:32:43
 1  0 1390756 22255964 11273988 212871656    0    0     0    46 50187 127293  8  2 90  0  0  0 2026-10-06 17:32:45
procs -----------memory---------- ---swap-- -----io---- -system-- -------cpu------- -----timestamp-----
 r  b   swpd   free   buff  cache   si   so    bi    bo   in   cs us sy id wa st gu                 CDT
 8  0 1390756 21709788 11273996 212871864    0    0     0   654 53560 108955  8  2 90  0  0  0 2026-10-06 17:32:47
30  0 1390756 21686080 11273996 212871864    0    0     0  2946 50296 211042  8  2 91  0  0  0 2026-10-06 17:32:49
 1  0 1390756 21645536 11274012 212871948    0    0     0   422 57066 275134  7  2 91  0  0  0 2026-10-06 17:32:51
32  0 1390756 21757264 11274012 212871972    0    0     0     0 50316 211967  7  1 91  0  0  0 2026-10-06 17:32:53
32  0 1390756 21666832 11274012 212871968    0    0     0 579414 53657 236453  8  2 91  0  0  0 2026-10-06 17:32:55
 4  0 1390756 22121228 11274016 212871968    0    0     0   296 50845 278206  7  1 92  0  0  0 2026-10-06 17:32:57
32  0 1390756 21630136 11274016 212871944    0    0     4     2 55514 209409  8  2 90  0  0  0 2026-10-06 17:32:59
 1  8 1390756 21438128 11274020 212871940    0    0     0    58 48912 147550  8  1 90  0  0  0 2026-10-06 17:33:01
 0  0 1390756 22138932 11274024 212871944    0    0     0     2 50624 139817  8  1 91  0  0  0 2026-10-06 17:33:03
35  0 1390756 21423400 11274024 212871948    0    0     0     0 64769 158817  8  2 90  0  0  0 2026-10-06 17:33:05
32  0 1390756 21164400 11274032 212872624    0    0   238   302 52660 96805  8  2 90  0  0  0 2026-10-06 17:33:07
 1  0 1390748 21425380 11274032 212872624    6    0     6     0 48828 97498  8  2 90  0  0  0 2026-10-06 17:33:09
 1  0 1390748 21205072 11274040 212872624    0    0     0 178232 51776 86885  8  2 90  0  0  0 2026-10-06 17:33:11
 1  0 1390748 21242664 11274052 212872648    0    0     8   386 42777 64490  7  1 92  0  0  0 2026-10-06 17:33:13
 2  0 1390740 21885024 11274052 212872652    2    0     6 266918 29445 39457  4  1 95  0  0  0 2026-10-06 17:33:15
