procs -----------memory---------- ---swap-- -----io---- -system-- -------cpu------- -----timestamp-----
 r  b   swpd   free   buff  cache   si   so    bi    bo   in   cs us sy id wa st gu                 CDT
 2  0 1390620 21203356 13292604 211351260    6   34   922  9637 5508    0  1  0 99  0  0  0 2026-10-06 17:56:03
 0  0 1390620 20999696 13292604 211351360    0    0    44  4126 9541 7814  0  0 100  0  0  0 2026-10-06 17:56:05
 0  0 1390620 20944836 13292604 211351372    0    0     0   972 9855 8774  0  0 100  0  0  0 2026-10-06 17:56:07
 0  0 1390620 20929136 13292604 211351456    0    0     0     0 9404 8023  0  0 100  0  0  0 2026-10-06 17:56:09
 1  0 1390620 20779688 13292704 211353468    0    0     6   870 23654 19676  0  0 99  0  0  0 2026-10-06 17:56:11
 3  0 1390620 20443520 13293084 211377312    0    0    62   872 31404 13460  1  0 98  0  0  0 2026-10-06 17:56:13
18  0 1390620 20351108 13293092 211392392    0    0     2 124744 38355 43984  3  0 97  0  0  0 2026-10-06 17:56:15
 1  0 1390620 20743816 13293168 211349328    0    0    12  4678 46302 44679  3  1 96  0  0  0 2026-10-06 17:56:17
 2  0 1390620 20170296 13293216 211324016    0    0    22  5264 58223 89387  2  1 97  0  0  0 2026-10-06 17:56:19
12  0 1390620 19662844 13293236 211328144    0    0     8     0 57297 61968  2  1 97  0  0  0 2026-10-06 17:56:21
 2  0 1390620 19237316 13293364 211380776    0    0     0  3068 64130 49902  2  1 97  0  0  0 2026-10-06 17:56:23
33  0 1390620 19488656 13293536 210754240    0    0    68    60 56079 80092  5  2 93  0  0  0 2026-10-06 17:56:25
34  0 1390620 18719648 13295884 211357852    0    0   134 13276 56221 100979  9  3 88  0  0  0 2026-10-06 17:56:27
33  0 1390620 19318824 13332824 210737608    0    0    40 45884 61338 72533  6  3 90  0  0  0 2026-10-06 17:56:29
32  0 1390620 22214660 13333084 209166168    0    0    12 10568 48099 145157  6  2 92  0  0  0 2026-10-06 17:56:31
32  0 1390620 22083644 13333300 209660100    0    0    20 386006 60063 181186  5  3 91  0  0  0 2026-10-06 17:56:33
 2  0 1390620 21624260 13333312 210318084    0    0     6     2 41845 203907  5  2 93  0  0  0 2026-10-06 17:56:35
10  1 1390620 21904308 13333468 209767956    0    0    10 19390 64466 191223  5  3 91  0  0  1 2026-10-06 17:56:37
 2  0 1390620 21363928 13333596 210731444    0    0     0  8302 57083 119777  6  3 90  0  0  1 2026-10-06 17:56:39
 2  0 1390620 20862892 13333736 211211484    0    0    34  4030 78739 154354  6  3 88  0  0  3 2026-10-06 17:56:41
32  0 1390620 20171832 13336128 211237636    0    0  7618    84 43375 78567  6  3 91  0  0  0 2026-10-06 17:56:43
procs -----------memory---------- ---swap-- -----io---- -system-- -------cpu------- -----timestamp-----
 r  b   swpd   free   buff  cache   si   so    bi    bo   in   cs us sy id wa st gu                 CDT
 1  0 1390620 20913368 13336728 211249988    0    0   208    40 37480 68635  5  2 92  0  0  0 2026-10-06 17:56:45
 2  0 1390620 22305104 13256964 209720600    0    0    16  8090 23411 32189  3  2 95  0  0  0 2026-10-06 17:56:47
 1  0 1390620 30686380 12818216 202843112    0    0    16 251100 41782 52150  4  6 89  0  0  1 2026-10-06 17:56:49
32  0 1390620 30198664 12818416 202134492    0    0    76  6212 38925 99048  7  3 90  0  0  0 2026-10-06 17:56:51
30  0 1390620 30937588 12818436 202134488    0    0     6  3888 39281 130041  6  2 92  0  0  0 2026-10-06 17:56:53
32  0 1390620 30733712 12818452 202134544    0    0     6 30720 39164 144915  6  2 91  0  0  0 2026-10-06 17:56:55
 1  0 1390620 29021168 12818468 203138488    0    0     2  4652 33903 156271  6  2 92  0  0  0 2026-10-06 17:56:57
31  1 1390620 29373180 12818532 202662168    0    0   412     0 46061 134545  6  2 89  0  0  2 2026-10-06 17:56:59
32  0 1390620 30623404 12818604 202143800    0    0    20  6660 42740 127832  6  2 90  0  0  2 2026-10-06 17:57:01
 1  0 1390620 29957984 12818636 202143884    0    0     2  4704 37434 169229  6  2 92  0  0  0 2026-10-06 17:57:03
 0  0 1390620 29743180 12818680 203303700    0    0     0  2808 46224 118931  7  3 90  0  0  1 2026-10-06 17:57:05
 0  0 1390620 29440740 12818688 203303932    0    0     0  3218 38036 108417  6  2 91  0  0  0 2026-10-06 17:57:07
 9  0 1390620 29614760 12818716 203143616    0    0    10     0 42537 111665  6  2 91  0  0  0 2026-10-06 17:57:09
 0  0 1390620 29427168 12818836 203307944    0    0    28  8496 34904 71484  6  2 91  0  0  0 2026-10-06 17:57:11
32  0 1390620 30023688 12818864 202152480    0    0    10     0 36499 61437  7  3 91  0  0  0 2026-10-06 17:57:13
32  0 1390620 29098328 12819036 202924464    0    0    46  9256 37734 42854  7  3 90  0  0  0 2026-10-06 17:57:15
 1  0 1390620 30073788 12819044 202922460    0    0     0  2550 35630 59305  6  3 91  0  0  0 2026-10-06 17:57:17
 1  0 1390620 29720368 12819048 203311756    0    0     0   570 19292 25713  3  1 96  0  0  0 2026-10-06 17:57:19
32  0 1390620 30325084 12819096 202153392    0    0     0 12248 29111 65951  4  1 95  0  0  0 2026-10-06 17:57:21
 0  0 1390620 30549668 12819096 202290436    0    0     0  7796 55738 328079  5  2 92  0  0  1 2026-10-06 17:57:23
30  1 1390620 30167616 12819104 202288076    0    0     0 163888 52214 252428  5  2 92  0  0  0 2026-10-06 17:57:25
procs -----------memory---------- ---swap-- -----io---- -system-- -------cpu------- -----timestamp-----
 r  b   swpd   free   buff  cache   si   so    bi    bo   in   cs us sy id wa st gu                 CDT
32  0 1390620 30267308 12819148 202155608    0    0     0  3686 50597 212904  5  2 93  0  0  0 2026-10-06 17:57:27
 1  0 1390620 30797668 12819148 202290884    0    0     0     2 46479 265816  5  2 93  0  0  0 2026-10-06 17:57:29
 1  0 1390620 30626696 12819188 202290932    0    0     2  2454 50025 230254  5  2 93  0  0  0 2026-10-06 17:57:31
50  0 1390620 29500900 12830392 202389708    0    0 24622  5200 55172 271408  6  2 92  0  0  0 2026-10-06 17:57:33
61  0 1390588 22804308 12834292 203076816    0    0 32244   166 167073 388168 36  9 55  0  0  0 2026-10-06 17:57:35
95  0 1390588 17693168 12837552 203455164    0    0 16024  7394 153470 304078 57  8 35  0  0  0 2026-10-06 17:57:37
45  0 1390588 17737200 12838556 203775660    0    0  1476     8 103736 351276 38  3 59  0  0  0 2026-10-06 17:57:39
53  0 1390588 17135616 12841436 204071888    0    0 55848 18406 106526 339809 24  3 73  0  0  0 2026-10-06 17:57:41
16  0 1390572 18197856 12842192 204754452   14    0 11612 81710 124496 334311 40  6 54  0  0  0 2026-10-06 17:57:43
13  0 1390572 18643132 12842396 204894696    0    0   268  2636 104471 304268 29  4 65  0  0  1 2026-10-06 17:57:45
48  0 1390572 18507720 12842540 204548356    0    0   272  2032 106837 300579 42  6 51  0  0  1 2026-10-06 17:57:47
74  0 1390572 15434408 12842836 205292604    0    0  2500 116164 119274 320333 49  4 48  0  0  0 2026-10-06 17:57:49
33  0 1390572 15806816 12843448 205720704    0    0  1520 18188 112166 307690 39  3 58  0  0  0 2026-10-06 17:57:51
54  0 1390572 16810896 12843832 205946976    0    0  2120  1650 84238 354000 24  2 73  0  0  1 2026-10-06 17:57:53
69  0 1390572 16554780 12844584 206220740    0    0  3690 32260 93406 329724 29  3 68  0  0  0 2026-10-06 17:57:55
59  0 1390572 16937176 12844964 206509260    0    0  2352 314296 87093 350122 26  3 71  0  0  0 2026-10-06 17:57:57
19  0 1390572 15990656 12845040 207136296    0    0  1954     0 71570 358021 25  2 73  0  0  0 2026-10-06 17:57:59
52  0 1390572 15908312 12845088 207086908    0    0   736     0 61967 286196 20  2 78  0  0  0 2026-10-06 17:58:01
28  0 1390572 15124224 12845164 207304044    0    0  1410  4596 73244 291261 25  2 73  0  0  0 2026-10-06 17:58:03
58  0 1390572 15264824 12845188 207344348    0    0   390   444 70518 348795 27  2 71  0  0  0 2026-10-06 17:58:05
28  0 1390572 15755348 12845532 207653788    0    0  1014 655398 74533 186264 21  2 76  0  0  1 2026-10-06 17:58:07
procs -----------memory---------- ---swap-- -----io---- -system-- -------cpu------- -----timestamp-----
 r  b   swpd   free   buff  cache   si   so    bi    bo   in   cs us sy id wa st gu                 CDT
45  0 1390572 16916864 12845672 207225908    0    0   524  1194 59825 310265 19  2 79  0  0  0 2026-10-06 17:58:09
 6  0 1390572 18539848 12845724 207489028    0    0     0     0 50118 245396 11  2 87  0  0  0 2026-10-06 17:58:11
 8  0 1390572 19045948 12845792 207419156    0    0    14 376606 56273 191696 10  2 88  0  0  0 2026-10-06 17:58:13
 7  0 1390572 19678408 12845820 207540232    0    0    16  1994 51970 217038 10  2 88  0  0  0 2026-10-06 17:58:15
40  0 1390572 19284468 12845868 207606216    0    0   594  1896 65359 201483 11  2 86  0  0  1 2026-10-06 17:58:17
12  0 1390572 19638408 12845984 207484332    0    0   446 249958 66713 272764 14  2 83  0  0  1 2026-10-06 17:58:19
38  0 1390572 19599760 12846080 207823056    0    0   982 69554 64270 228842 11  2 86  0  0  0 2026-10-06 17:58:21
 4  0 1390572 20570328 12846104 207840236    0    0     6 544688 52364 329553  8  2 90  0  0  0 2026-10-06 17:58:23
 5  0 1390572 19864020 12846132 207845924    0    0     0     0 48959 239915  8  2 90  0  0  0 2026-10-06 17:58:25
 6  0 1390572 20470580 12846196 207950124    0    0    18  8206 49466 186600  9  2 89  0  0  0 2026-10-06 17:58:27
35  0 1390572 20587828 12846240 207701300    0    0    58 289980 60459 233235  8  2 88  0  0  1 2026-10-06 17:58:29
