procs -----------memory---------- ---swap-- -----io---- -system-- -------cpu------- -----timestamp-----
 r  b   swpd   free   buff  cache   si   so    bi    bo   in   cs us sy id wa st gu                 CDT
 3  0 1391396 18200124 10862372 215392244    6   34   918  9596 5472    0  1  0 99  0  0  0 2026-10-06 17:01:31
 2  0 1391396 17666640 10865048 215450472    0    0 28350   272 20553 16538  2  0 97  0  0  1 2026-10-06 17:01:33
13  0 1391396 17844668 10865324 215490496    0    0   204 76460 26836 15655  5  0 94  0  0  1 2026-10-06 17:01:35
 2  0 1391396 15498268 10865332 215586612    0    0 49826    30 35938 25644  2  1 96  0  0  1 2026-10-06 17:01:37
 2  0 1391396 12748852 10865352 215679180    0    0     4   538 51402 37632  2  1 96  0  0  1 2026-10-06 17:01:39
 2  0 1391396 9185068 10865364 215875360    0    0    12 160272 55636 41004  2  3 94  0  0  1 2026-10-06 17:01:41
 4  0 1391396 7849036 10865432 215927908    0    0     2   280 101593 119487  3  2 94  0  0  1 2026-10-06 17:01:43
 9  0 1391396 5479620 10866472 216227668    0    0     2  2362 366859 485049 18  5 75  0  0  1 2026-10-06 17:01:45
34  0 1391396 14837580 10866544 216080276    0    0   768 386886 130713 146445  6  5 88  0  0  1 2026-10-06 17:01:47
35  0 1391396 13477824 10892712 215190548    0    0    84 47474 65616 108050  5 12 82  0  0  1 2026-10-06 17:01:49
34  0 1391396 10804088 10893840 215189772    0    0    62  4720 72054 125935  5 11 82  0  0  1 2026-10-06 17:01:51
33  0 1391396 8345880 10893880 215181140    0    0    10  2794 55691 118958  5 11 83  0  0  1 2026-10-06 17:01:53
37  0 1391396 7971712 10893900 215189172    0    0     0  1224 50509 139655  4 10 85  0  0  1 2026-10-06 17:01:55
34  0 1391396 8091536 10893900 215191348    0    0     0     0 53517 114620  5 10 84  0  0  1 2026-10-06 17:01:57
35  0 1391396 8230116 10893904 215191288    0    0     0    64 49076 102557  5 10 85  0  0  1 2026-10-06 17:01:59
33  0 1391396 16363844 10893904 215181120    0    0     0  6876 49653 95025  4 11 84  0  0  1 2026-10-06 17:02:01
 6  0 1391396 13701956 10893904 215181140    0    0     0    86 54629 77977  5 12 82  0  0  1 2026-10-06 17:02:03
25  0 1391396 10203644 10893908 215181140    0    0     0   322 55091 72046  5 12 82  0  0  1 2026-10-06 17:02:05
 2  0 1391396 9661620 10893908 215181140    0    0     0 38988 46096 60720  4  8 86  0  0  1 2026-10-06 17:02:07
33  0 1391396 10111340 10893704 215395592    0    0    18   402 47902 85880  7  4 88  0  0  1 2026-10-06 17:02:09
22  1 1391396 10534848 10893724 215394768    0    0   226 863084 69598 154728 11  2 85  0  0  1 2026-10-06 17:02:11
procs -----------memory---------- ---swap-- -----io---- -system-- -------cpu------- -----timestamp-----
 r  b   swpd   free   buff  cache   si   so    bi    bo   in   cs us sy id wa st gu                 CDT
 1  0 1391396 18617752 10893848 215373416    0    0    18 1880342 88049 139226 11  3 84  0  0  1 2026-10-06 17:02:13
23 10 1391396 14783468 10893852 215444160    0    0 35374   292 57923 182105 10  3 86  0  0  1 2026-10-06 17:02:15
 9  0 1391396 12361500 10893852 215444100    0    0     0   104 58927 191560 10  3 86  0  0  1 2026-10-06 17:02:17
 9  0 1391396 9843200 10893860 215444040    0    0     0    62 56577 139977 11  3 85  0  0  1 2026-10-06 17:02:19
 9  0 1391396 9488972 10893860 215454280    0    0     0     0 60031 121784 11  3 85  0  0  1 2026-10-06 17:02:21
42  0 1391396 10082284 10893860 215454272    0    0     0     0 47696 82543  8  2 88  0  0  1 2026-10-06 17:02:23
14  0 1391396 19913424 10893868 214420648    0    0     0   360 37316 62235  5  1 93  0  0  1 2026-10-06 17:02:25
29  4 1391396 16988956 10893868 214420644    0    0     0     0 60806 206226  7  2 90  0  0  1 2026-10-06 17:02:27
41  0 1391396 14430160 10893876 214420636    0    0     0   528 63791 202233  6  2 90  0  0  1 2026-10-06 17:02:29
41  0 1391396 11301360 10893876 214420648    0    0     0     0 63495 262786  6  2 90  0  0  1 2026-10-06 17:02:31
37  0 1391396 10189384 10893876 214431104    0    0     0   674 60131 170680  7  2 90  0  0  1 2026-10-06 17:02:33
 2  0 1391396 10136620 10893900 214715580    0    0    10   370 48375 244136  7  1 91  0  0  1 2026-10-06 17:02:35
 5  0 1391396 19254600 10893900 214705384    0    0     0     0 58189 225396  8  2 89  0  0  1 2026-10-06 17:02:37
34  0 1391396 16049500 10893904 214705404    0    0     0   642 58959 251671  9  2 88  0  0  1 2026-10-06 17:02:39
30  0 1391396 13140280 10893904 214705408    0    0     0     0 54814 245212  9  2 88  0  0  1 2026-10-06 17:02:41
33  0 1391396 10570652 10893904 214705400    0    0     0 67668 56014 242763  9  2 88  0  0  1 2026-10-06 17:02:43
 1  0 1391396 10107472 10893908 214715640    0    0     0  1288 57293 189100  9  2 88  0  0  1 2026-10-06 17:02:45
33  0 1391396 9978400 10893908 214715640    0    0     0    14 57614 187368  9  2 88  0  0  1 2026-10-06 17:02:47
 2  0 1391396 19783252 10893912 214705476    0    0     0    68 55303 120425  9  2 88  0  0  1 2026-10-06 17:02:49
28  0 1391396 17099060 10893912 214421160    0    0     0    96 41513 95417  6  1 92  0  0  1 2026-10-06 17:02:51
32  0 1391396 14164100 10893912 214421152    0    0     0     0 56196 298580  8  2 89  0  0  1 2026-10-06 17:02:53
procs -----------memory---------- ---swap-- -----io---- -system-- -------cpu------- -----timestamp-----
 r  b   swpd   free   buff  cache   si   so    bi    bo   in   cs us sy id wa st gu                 CDT
 1  0 1391396 11528120 10893916 214421152    0    0     0   472 55831 223087  8  2 89  0  0  1 2026-10-06 17:02:55
 3  0 1391396 10389312 10893916 214431236    0    0     4   106 58904 180865  8  2 89  0  0  1 2026-10-06 17:02:57
31  0 1391396 10640580 10893916 214431392    0    0     0    82 56382 140329  8  2 89  0  0  1 2026-10-06 17:02:59
30  0 1391396 19685728 10893916 214421192    0    0     0     2 54523 152314  8  2 89  0  0  1 2026-10-06 17:03:01
 1  0 1391396 17115880 10893916 214421196    0    0     0     0 55739 149631  8  2 88  0  0  1 2026-10-06 17:03:03
