procs -----------memory---------- ---swap-- -----io---- -system-- -------cpu------- -----timestamp-----
 r  b   swpd   free   buff  cache   si   so    bi    bo   in   cs us sy id wa st gu                 CDT
 1  0 1391308 15330924 10967740 219819780    6   34   920  9610 5480    0  1  0 99  0  0  0 2026-10-06 17:11:48
 0  0 1391308 15194880 10967740 219822460    0    0  1336     0 8804 8133  0  0 100  0  0  0 2026-10-06 17:11:50
 0  0 1391308 15196712 10967748 219822436    0    0     0   114 9380 7808  0  0 100  0  0  0 2026-10-06 17:11:52
 3  0 1391308 15013656 10967884 219830292    0    0  3578    10 15448 15039  0  0 100  0  0  0 2026-10-06 17:11:54
12  0 1391308 14427304 10967884 219873300    0    0 21164     4 21739 16988  3  0 97  0  0  0 2026-10-06 17:11:56
 2  0 1391308 14462288 10967892 219887076    0    0     0 125568 38476 25545  7  1 93  0  0  0 2026-10-06 17:11:58
 1  0 1391308 12507184 10967916 219879572    0    0     0  6280 28809 17513  1  1 98  0  0  1 2026-10-06 17:12:00
13  0 1391308 9485792 10967916 219879876    0    0     0   672 30075 18098  1  1 97  0  0  1 2026-10-06 17:12:02
 1  0 1391308 6537084 10967920 219879896    0    0     0  2368 28337 14506  1  1 97  0  0  1 2026-10-06 17:12:04
 9  0 1391308 5181712 10967920 219890580    0    0     8   124 64770 51670  1  1 96  0  0  2 2026-10-06 17:12:06
 2  0 1391308 5230340 10967928 219890656    0    0     0   372 55336 47851  2  1 97  0  0  0 2026-10-06 17:12:08
 9  0 1391308 5333228 10967932 219890852    0    0     0   152 69946 54935  2  1 95  0  0  2 2026-10-06 17:12:10
 9  0 1391308 5388516 10967932 219891228    0    0     0   172 66993 61796  2  1 95  0  0  2 2026-10-06 17:12:12
15  0 1391308 5359228 10967944 219893316    0    0   514   190 54592 66149  2  2 94  0  0  2 2026-10-06 17:12:14
 1  0 1391308 14786364 10967944 219883484    0    0     0    32 59577 104616  5 12 81  0  0  2 2026-10-06 17:12:16
33  0 1391308 14109496 10968080 219892596    0    0   846   376 61495 101646  5 12 81  0  0  2 2026-10-06 17:12:18
35  0 1391308 13871192 10968100 219894608    0    0     0   332 61520 151691  8 11 80  0  0  2 2026-10-06 17:12:20
34  0 1391308 13859736 10968100 219903108    0    0    16    74 61471 188083  5 10 83  0  0  2 2026-10-06 17:12:22
34  0 1391308 13564684 10968112 219903904    0    0     0   282 59735 153304  8 10 83  0  0  0 2026-10-06 17:12:24
 1  0 1391308 14427448 10968120 219920852    0    0     0   152 65824 173969  9 11 79  0  0  1 2026-10-06 17:12:26
 1  0 1391308 12149932 10968128 219918864    0    0     0  6158 51814 168464  4 10 85  0  0  0 2026-10-06 17:12:28
procs -----------memory---------- ---swap-- -----io---- -system-- -------cpu------- -----timestamp-----
 r  b   swpd   free   buff  cache   si   so    bi    bo   in   cs us sy id wa st gu                 CDT
 9  0 1391308 9373896 10968140 219919488    0    0     0   546 55594 196736  4  8 86  0  0  1 2026-10-06 17:12:30
30  0 1391308 5462268 10968140 219920224    0    0     0    32 46756 213849  5  7 87  0  0  0 2026-10-06 17:12:32
33  0 1391308 4509388 10968140 219929356    0    0     0    24 49926 127534  5 11 84  0  0  0 2026-10-06 17:12:34
32  0 1391308 4931324 10968164 219931436    0    0     0  5686 58576 109997  5 11 82  0  0  3 2026-10-06 17:12:36
 2  0 1391308 5119752 10968172 219931496    0    0     0   364 51795 99965  5 12 82  0  0  1 2026-10-06 17:12:38
 1  0 1391308 5150152 10968172 219931500    0    0     0 12912 54102 87301  5 12 83  0  0  1 2026-10-06 17:12:40
33  0 1391308 4432336 10968176 219931572    0    0     0   184 49989 55983  5 13 82  0  0  0 2026-10-06 17:12:42
41  0 1391308 4435348 10968184 219931592    0    0     0    86 56294 73785  5 13 81  0  0  1 2026-10-06 17:12:44
33  0 1391308 13929068 10968184 219921348    0    0     0     8 51348 63486  5 13 82  0  0  0 2026-10-06 17:12:46
33  0 1391308 13888756 10968200 219921832    0    0     0  3072 45143 60434  5  8 86  0  0  1 2026-10-06 17:12:48
 3  0 1391308 12970208 10968216 219921820    0    0     4 319916 39360 46234  5  7 88  0  0  0 2026-10-06 17:12:50
41  0 1391308 10299680 10967956 219910652    0    0     0   114 52036 78860  5 13 81  0  0  0 2026-10-06 17:12:52
 2  0 1391308 9294908 10967284 219823676    0    0     0  4218 55107 74960  5 13 81  0  0  1 2026-10-06 17:12:54
27  0 1391308 5373388 10967288 219827580    0    0    10  1858 60002 76998  5 14 80  0  0  1 2026-10-06 17:12:56
34  0 1391308 4879524 10967248 219754728    0    0     2  7060 50117 55580  5 13 81  0  0  0 2026-10-06 17:12:58
33  0 1391308 13426228 10967248 219747616    0    0   892    34 50603 60724  5 15 79  0  0  1 2026-10-06 17:13:00
34  0 1391308 10705384 10967272 219757940    0    0  4698   588 47882 115130  5 11 83  0  0  0 2026-10-06 17:13:02
12  0 1391308 8402440 10967272 219767252    0    0     0     0 53910 106733  5 12 82  0  0  1 2026-10-06 17:13:04
33  0 1391128 4254372 10967280 219800752   88    0 13426  4372 57966 107694  6 12 81  0  0  1 2026-10-06 17:13:06
33  0 1391128 3530836 10967288 219812228    0    0     2   344 55216 81368  6 12 81  0  0  1 2026-10-06 17:13:08
 1  0 1391128 14103692 10967296 219788068    0    0     0  1590 53845 58007  5 14 80  0  0  1 2026-10-06 17:13:10
procs -----------memory---------- ---swap-- -----io---- -system-- -------cpu------- -----timestamp-----
 r  b   swpd   free   buff  cache   si   so    bi    bo   in   cs us sy id wa st gu                 CDT
33  0 1391128 10310320 10966996 219717436    0    0     0   676 46546 118105  5 11 84  0  0  0 2026-10-06 17:13:12
23  0 1391128 6904852 10966928 219664208    0    0     0     0 49834 146471  5 10 83  0  0  2 2026-10-06 17:13:14
27  0 1391128 5470560 10966928 219633804    0    0     0    12 53039 99629  5 13 81  0  0  2 2026-10-06 17:13:16
33  0 1391128 5444816 10967068 219660092    0    0 14056   466 54807 140247  5 10 83  0  0  1 2026-10-06 17:13:18
33  0 1391128 14588404 10967440 219671316    0    0  8940 320324 48429 117612  5 10 85  0  0  0 2026-10-06 17:13:20
27  0 1391128 14146160 10967452 219671732    0    0     0   182 50479 112205  7 11 82  0  0  0 2026-10-06 17:13:22
34  0 1391128 14613600 10967612 219674664    0    0 10416  3918 59488 113627  7 11 81  0  0  0 2026-10-06 17:13:24
34  0 1391128 14704308 10966440 218770936    0    0 12222 1132942 96271 106361  5 14 80  0  0  1 2026-10-06 17:13:26
28  3 1391128 13844044 10966452 219646532    0    0   112   516 72491 171137  6 11 82  0  0  1 2026-10-06 17:13:28
41  0 1391128 13589368 10966456 219647116    0    0     0   192 87176 147618  9 13 77  0  0  1 2026-10-06 17:13:30
38  0 1391128 14232180 10966392 219489932    0    0     0     0 88322 157091 11 12 76  0  0  1 2026-10-06 17:13:32
34  0 1391128 14981180 10966088 218412192    0    0     0    32 75867 142368  8 11 80  0  0  0 2026-10-06 17:13:34
28  0 1391128 15497688 10965972 218331800    0    0   140   138 43588 158638  5  9 86  0  0  0 2026-10-06 17:13:36
 2  0 1391128 13447024 10965976 218396176    0    0 32188   306 27476 58337  3  6 91  0  0  0 2026-10-06 17:13:38
33  0 1391128 9863308 10965976 218396184    0    0     0     0 21522 56062  3  3 94  0  0  0 2026-10-06 17:13:40
33  0 1391128 7751112 10966000 217383352    0    0  5622  1024 36378 136287  4  3 93  0  0  0 2026-10-06 17:13:42
17  0 1391128 7104896 10966000 217393596    0    0     2     0 57516 222905  7  2 91  0  0  0 2026-10-06 17:13:44
 1  2 1391128 7581544 10966008 217393596    0    0     0   556 51265 226902  6  2 91  0  0  0 2026-10-06 17:13:46
33  0 1391128 7827920 10966016 217393620    0    0     0   336 58720 118223  7  2 91  0  0  0 2026-10-06 17:13:48
 1  0 1391128 17393576 10966024 217383844    0    0    82     0 57054 126078  7  2 91  0  0  0 2026-10-06 17:13:50
 1  0 1391128 14559328 10966036 217384024    0    0    36   102 54459 194087  7  2 91  0  0  0 2026-10-06 17:13:52
procs -----------memory---------- ---swap-- -----io---- -system-- -------cpu------- -----timestamp-----
 r  b   swpd   free   buff  cache   si   so    bi    bo   in   cs us sy id wa st gu                 CDT
40  0 1391128 11625036 10966036 217386920    0    0     2    28 68020 202238  7  2 89  0  0  2 2026-10-06 17:13:54
 1  0 1391128 8633708 10966036 217387028    0    0     0  4672 52896 117262  6  2 91  0  0  1 2026-10-06 17:13:56
33  0 1391128 6544824 10966060 217681916    0    0    18 68892 52026 141394  9  2 89  0  0  0 2026-10-06 17:13:58
13  0 1391128 16928768 10966068 217671876    0    0     0   308 53202 135843  9  2 89  0  0  0 2026-10-06 17:14:00
 1  0 1391128 15953520 10966184 217678648    0    0  2118   322 55109 150013  9  2 89  0  0  0 2026-10-06 17:14:02
 1  0 1391128 13107356 10966196 217678648    0    0     0   142 55461 94656 10  2 88  0  0  0 2026-10-06 17:14:04
 1  0 1391128 9650024 10966196 217678664    0    0     2  1910 59059 116786 10  2 88  0  0  0 2026-10-06 17:14:06
31  0 1391128 6333416 10966204 217678800    0    0     0   384 61478 108281 10  2 87  0  0  1 2026-10-06 17:14:08
 2  0 1391128 6779740 10966216 217689108    0    0     0    88 63862 174441  9  2 86  0  0  2 2026-10-06 17:14:10
32  0 1391128 16457164 10966504 217684480    0    0  2834    74 62789 154794  9  2 88  0  0  1 2026-10-06 17:14:12
28  0 1391128 16408260 10966504 217684472    0    0     0     0 52095 218737  9  1 90  0  0  0 2026-10-06 17:14:14
32  0 1391128 16437156 10966520 217684480    0    0     0   230 50698 159485  9  2 90  0  0  0 2026-10-06 17:14:16
32  0 1391128 16633768 10966528 217684500    0    0     0   280 49993 154912  8  2 90  0  0  0 2026-10-06 17:14:18
24  0 1391128 16641812 10966528 217684496    0    0     0     0 45788 287910  8  1 91  0  0  0 2026-10-06 17:14:20
 1  0 1391128 17215468 10966532 217684500    0    0     0    50 36790 98062  5  1 93  0  0  0 2026-10-06 17:14:22
32  0 1391128 17019192 10966564 217400396    0    0    16   192 43371 125841  6  1 93  0  0  0 2026-10-06 17:14:24
 8  0 1391128 17556228 10966568 217400448    0    0     0    56 58760 238563  7  2 90  0  0  1 2026-10-06 17:14:26
 0  0 1391128 17536524 10966588 217400476    0    0     0 69324 57686 163758  8  2 89  0  0  1 2026-10-06 17:14:28
13  0 1391128 17552796 10966588 217400572    0    0     0 125120 58715 274623  7  2 90  0  0  2 2026-10-06 17:14:30
22  0 1391128 17172296 10966588 217400620    0    0     0  5014 53759 286561  7  2 91  0  0  0 2026-10-06 17:14:32
 8  0 1391128 17708616 10966604 217400848    0    0     0   292 63934 245642  7  2 89  0  0  2 2026-10-06 17:14:34
procs -----------memory---------- ---swap-- -----io---- -system-- -------cpu------- -----timestamp-----
 r  b   swpd   free   buff  cache   si   so    bi    bo   in   cs us sy id wa st gu                 CDT
36  5 1391128 17130336 10966604 217400996    0    0     0  1420 61819 217532  8  2 89  0  0  2 2026-10-06 17:14:36
35  0 1391128 17352092 10966616 217401128    0    0     0   502 61724 162921  8  2 89  0  0  2 2026-10-06 17:14:38
 0  0 1391128 17706148 10966616 217402132    0    0     0    92 59943 160525  8  2 89  0  0  2 2026-10-06 17:14:40
 2  0 1391128 17703388 10966616 217403388    0    0     0  2044 62111 142554  8  2 89  0  0  2 2026-10-06 17:14:42
 2  0 1391128 17227080 10966624 217403684    0    0     0   140 57842 185348  8  2 89  0  0  2 2026-10-06 17:14:44
 0  0 1391128 17780644 10966624 217403836    0    0     0    66 49953 199734  6  1 92  0  0  1 2026-10-06 17:14:46
