procs -----------memory---------- ---swap-- -----io---- -system-- -------cpu------- -----timestamp-----
 r  b   swpd   free   buff  cache   si   so    bi    bo   in   cs us sy id wa st gu                 CDT
 3  0 1391420 21905452 10774312 210706896    6   34   918  9593 5469    0  1  0 99  0  0  0 2026-10-06 16:58:31
 3  0 1391420 18507376 10774312 210709472    0    0  1282  2454 8219 5800  1  0 99  0  0  0 2026-10-06 16:58:33
 1  0 1391420 15336144 10774312 210752032    0    0 21266     0 13574 6484  1  0 99  0  0  0 2026-10-06 16:58:35
 1  0 1391404 14242412 10774316 210762568    4    0     6   112 19024 7465  1  0 99  0  0  0 2026-10-06 16:58:37
 1  0 1391404 14860484 10774316 210762588    0    0     0    20 44689 33553  1  0 98  0  0  0 2026-10-06 16:58:39
 2  0 1391404 24040412 10774320 210752428    0    0     0 125056 50780 42080  1  1 98  0  0  0 2026-10-06 16:58:41
33  0 1391404 20773260 10774320 210752412    0    0     0   706 47516 46894  4 12 84  0  0  0 2026-10-06 16:58:43
34  0 1391404 17845364 10774320 210752380    0    0     0  1586 44241 55383  5 13 82  0  0  0 2026-10-06 16:58:45
16  0 1391404 14737296 10774328 210752380    0    0     0    92 45943 52030  5 13 82  0  0  0 2026-10-06 16:58:47
 3  0 1391404 14949528 10774328 210762592    0    0     0     0 45295 46357  5 14 82  0  0  0 2026-10-06 16:58:49
 1  0 1391404 15169268 10774344 210763412    0    0     0   962 46047 48470  5 14 81  0  0  0 2026-10-06 16:58:51
33  0 1391404 23376860 10774344 210753216    0    0     0     0 45567 47700  5 13 82  0  0  0 2026-10-06 16:58:53
 2  0 1391404 21386208 10774344 210753216    0    0     0     0 40961 77317  4 11 85  0  0  0 2026-10-06 16:58:55
33  0 1391404 17400964 10774252 211009944    0    0 17078   808 36935 57018  8  4 89  0  0  0 2026-10-06 16:58:57
33  0 1391404 15103972 10774252 211009944    0    0     0     0 49557 70284 11  3 86  0  0  0 2026-10-06 16:58:59
33  0 1391404 13930104 10774252 210976652    0    0  1292    86 44952 190957 10  2 88  0  0  0 2026-10-06 16:59:01
 1  0 1391404 15186764 10774260 210955708    0    0    10   308 51998 81611 12  2 86  0  0  0 2026-10-06 16:59:03
21  0 1391404 23934124 10774260 210920552    0    0     0  2950 49999 62490 12  3 86  0  0  0 2026-10-06 16:59:05
 1  0 1391400 22518608 10774264 209910548    0    0  5720  2498 28486 41950  5  1 94  0  0  0 2026-10-06 16:59:07
 9  0 1391400 19583904 10774264 209910540    0    0     0     0 51197 247175  7  2 91  0  0  0 2026-10-06 16:59:09
29  0 1391400 16734516 10774264 209910540    0    0     0     0 51201 163873  7  2 91  0  0  0 2026-10-06 16:59:11
procs -----------memory---------- ---swap-- -----io---- -system-- -------cpu------- -----timestamp-----
 r  b   swpd   free   buff  cache   si   so    bi    bo   in   cs us sy id wa st gu                 CDT
 3  0 1391400 15146508 10774276 210202756    0    0     2 333468 51476 156011  7  2 91  0  0  0 2026-10-06 16:59:13
34  0 1391400 15482040 10774276 210202904    0    0     0     0 48460 206773  9  2 90  0  0  0 2026-10-06 16:59:15
34  0 1391400 24671064 10774280 210192672    0    0     0  1076 49431 263756  8  2 90  0  0  0 2026-10-06 16:59:17
 2  0 1391400 21820884 10774280 210192720    0    0     0     0 46907 233229  9  2 89  0  0  0 2026-10-06 16:59:19
34  0 1391400 19308440 10774280 210192708    0    0     0     4 49019 140585  9  2 89  0  0  0 2026-10-06 16:59:21
 2  0 1391400 16950772 10774284 210193000    0    0     0   546 46272 119579  9  2 89  0  0  0 2026-10-06 16:59:23
32  0 1391400 15522724 10774284 209919180    0    0     4    66 44903 150493  7  2 91  0  0  0 2026-10-06 16:59:25
 2  0 1391400 15445184 10774288 209918984    0    0     0  1096 50815 261219  8  2 91  0  0  0 2026-10-06 16:59:27
 1  0 1391400 19466588 10774288 209908908    0    0     0 67668 48023 306035  7  2 91  0  0  0 2026-10-06 16:59:29
 9  0 1391400 22848704 10774288 209908912    0    0     2     0 52159 204212  8  2 90  0  0  0 2026-10-06 16:59:31
 1  0 1391400 20470068 10774296 209908908    0    0     0   300 50064 296127  7  1 92  0  0  0 2026-10-06 16:59:33
