procs -----------memory---------- ---swap-- -----io---- -system-- -------cpu------- -----timestamp-----
 r  b   swpd   free   buff  cache   si   so    bi    bo   in   cs us sy id wa st gu                 CDT
 1  0 1390632 15624468 13779920 216707164    6   34   922  9632 5502    0  1  0 99  0  0  0 2026-10-06 17:50:19
 0  0 1390632 15588992 13779920 216712368    0    0  2574   378 9923 8118  0  0 100  0  0  0 2026-10-06 17:50:21
 0  0 1390632 15566152 13779920 216712392    0    0     0     0 9395 8287  0  0 100  0  0  0 2026-10-06 17:50:23
 0  0 1390632 15584612 13779920 216712456    0    0     0     0 9658 8075  0  0 100  0  0  0 2026-10-06 17:50:25
 0  0 1390632 15573228 13779928 216712544    0    0     0   114 9307 8127  0  0 100  0  0  0 2026-10-06 17:50:27
 0  0 1390632 15575444 13779928 216712632    0    0     0     0 9342 7844  0  0 100  0  0  0 2026-10-06 17:50:29
 0  0 1390632 15574996 13779932 216712696    0    0     0 11910 9997 7892  0  0 100  0  0  0 2026-10-06 17:50:31
 0  0 1390632 15565424 13779940 216712784    0    0     0  1340 8834 7920  0  0 100  0  0  0 2026-10-06 17:50:33
 0  0 1390632 15427640 13779940 216869964    0    0 78504     0 12840 9330  0  0 100  0  0  0 2026-10-06 17:50:35
 0  0 1390632 15417452 13779948 216869956    2    0     2   584 19803 9457  0  0 100  0  0  0 2026-10-06 17:50:37
 0  0 1390632 15414752 13779948 216870004    0    0     0     0 19608 9464  0  0 100  0  0  0 2026-10-06 17:50:39
 1  0 1390632 15245968 13779956 216871660    0    0    94   298 24079 15830  0  0 99  0  0  0 2026-10-06 17:50:41
 2  0 1390632 14643364 13779956 216873876    0    0   134   384 28304 61733  1  0 99  0  0  0 2026-10-06 17:50:43
 1  0 1390632 15120100 13781716 216870924    0    0    74  9856 25359 23439  1  0 99  0  0  0 2026-10-06 17:50:45
 2  0 1390632 14330380 13781724 216873636    0    0    56     0 27793 70903  1  0 99  0  0  0 2026-10-06 17:50:47
 8  0 1390632 13871932 13782684 216964568    0    0   136  2174 32662 61280  1  0 99  0  0  0 2026-10-06 17:50:49
 1  0 1390632 13654308 13820064 217007960    0    0    78 47770 46767 18997  1  1 99  0  0  0 2026-10-06 17:50:51
14  0 1390632 13657604 13820400 217011628    0    0    16  7222 40613 22948  1  1 98  0  0  0 2026-10-06 17:50:53
 1  0 1390632 15817940 13820580 215996176    0    0     6 128906 70639 56586  1  1 97  0  0  0 2026-10-06 17:50:55
 0  0 1390632 15726820 13820584 216074240    0    0     0  2544 57375 45182  1  1 98  0  0  0 2026-10-06 17:50:57
 0  0 1390632 15722296 13820720 216170432    0    0     0 20326 69841 67806  1  1 97  0  0  1 2026-10-06 17:50:59
procs -----------memory---------- ---swap-- -----io---- -system-- -------cpu------- -----timestamp-----
 r  b   swpd   free   buff  cache   si   so    bi    bo   in   cs us sy id wa st gu                 CDT
 1  0 1390632 15397128 13820924 216470064    0    0     2 33618 68026 83796  1  1 97  0  0  1 2026-10-06 17:51:01
 0  0 1390632 14861632 13820972 216984076    0    0     0   464 90928 86349  1  1 95  0  0  3 2026-10-06 17:51:03
 7  2 1390632 14633784 13820972 216984228    0    0     0    88 48441 41329  1  1 98  0  0  0 2026-10-06 17:51:05
 0  0 1390632 15421804 13820972 216963332    0    0     0     0 49870 40383  1  1 99  0  0  0 2026-10-06 17:51:07
 6  0 1390632 15369916 13820988 216944068    0    0     0   218 49530 41091  1  1 98  0  0  0 2026-10-06 17:51:09
 1  0 1390632 15265824 13820992 216952472    0    0     0   284 48930 44055  1  1 98  0  0  0 2026-10-06 17:51:11
32  0 1390632 18279520 13472392 214142468    0    0     2   142 54659 33421  1  7 91  0  0  0 2026-10-06 17:51:13
32  0 1390632 18693524 13333636 213365884    0    0     0     0 46824 54175  4 11 85  0  0  0 2026-10-06 17:51:15
33  0 1390632 18627108 13333652 213357260    0    0     0    96 46340 50074  4 10 86  0  0  0 2026-10-06 17:51:17
 1  0 1390632 19399164 13333656 213357636    0    0     2     0 46193 77851  4 10 86  0  0  0 2026-10-06 17:51:19
 1  0 1390632 19355420 13333664 213348992    0    0     0   296 41566 112541  4  7 89  0  0  0 2026-10-06 17:51:21
32  0 1390632 19134528 13333656 213340700    0    0     0     0 42184 97613  4  9 87  0  0  0 2026-10-06 17:51:23
 1  0 1390632 18550680 13333672 213340804    0    0     0    72 45937 57379  5 10 85  0  0  0 2026-10-06 17:51:25
32  0 1390632 18530168 13333672 213340836    0    0     0     0 45624 61015  4 11 85  0  0  0 2026-10-06 17:51:27
33  0 1390632 18502452 13333672 213340816    0    0     0     0 44176 52861  4 10 85  0  0  0 2026-10-06 17:51:29
 1  0 1390632 18523096 13333680 213330080    0    0     0 10364 44350 59543  4 10 86  0  0  0 2026-10-06 17:51:31
32  0 1390632 18476324 13333688 213381192    0    0     0 13248 45684 83570  4 10 86  0  0  0 2026-10-06 17:51:33
 9  0 1390632 18464772 13333688 213381236    0    0     0     0 43883 61873  4 10 86  0  0  0 2026-10-06 17:51:35
32  0 1390632 18470404 13333700 213383056    0    0     0   396 44618 51936  4 10 86  0  0  0 2026-10-06 17:51:37
 1  0 1390632 18491452 13333700 213383648    0    0     0   164 43054 47919  4 11 85  0  0  0 2026-10-06 17:51:39
 0  0 1390632 19289668 13333708 213383696    0    0     2    68 45521 52551  4 11 85  0  0  0 2026-10-06 17:51:41
procs -----------memory---------- ---swap-- -----io---- -system-- -------cpu------- -----timestamp-----
 r  b   swpd   free   buff  cache   si   so    bi    bo   in   cs us sy id wa st gu                 CDT
 0  0 1390628 19265684 13333716 213383804    6    0     6   446 44453 50629  4 11 85  0  0  0 2026-10-06 17:51:43
32  0 1390628 19014936 13333716 213383828    0    0     0     0 43977 50526  4 10 85  0  0  0 2026-10-06 17:51:45
32  0 1390628 18492928 13333716 213383868    0    0     0 325644 48535 74654  4  9 86  0  0  0 2026-10-06 17:51:47
 8  0 1390628 18469812 13333720 213386996    0    0     0    42 49027 68711  4 10 85  0  0  0 2026-10-06 17:51:49
16  0 1390628 18431168 13333720 213387036    0    0     0     0 44075 54347  4 10 85  0  0  0 2026-10-06 17:51:51
33  0 1390628 18489400 13333724 213387132    0    0     0   520 43558 64051  4 10 85  0  0  0 2026-10-06 17:51:53
32  0 1390628 18482572 13333736 213387184    0    0     0    74 45962 54330  4 11 85  0  0  0 2026-10-06 17:51:55
32  0 1390628 18454620 13333736 213387240    0    0     0     0 45981 44728  4 11 84  0  0  0 2026-10-06 17:51:57
32  0 1390628 18416748 13333736 213387304    0    0     0     0 44754 55714  4 11 85  0  0  0 2026-10-06 17:51:59
29  0 1390628 18433052 13333744 213387752    0    0     0    40 41634 47863  4  9 86  0  0  0 2026-10-06 17:52:01
 1  0 1390628 18462388 13333748 213387980    0    0     0  4844 40868 129913  4  8 88  0  0  0 2026-10-06 17:52:03
 1  0 1390628 19052740 13333800 213408480    0    0  1002     0 48363 135579  4  8 88  0  0  0 2026-10-06 17:52:05
 0  0 1390628 19080072 13333828 213435624    0    0    56  1706 46698 241387  4  6 90  0  0  0 2026-10-06 17:52:07
26  0 1390628 18353448 13333844 213435720    0    0     0   620 41196 152657  4  7 88  0  0  0 2026-10-06 17:52:09
32  0 1390628 18382960 13333808 213431632    0    0     0     0 45110 80794  4 10 86  0  0  0 2026-10-06 17:52:11
32  0 1390628 18644912 13333812 213427388    0    0     0  2546 47105 68453  4 11 85  0  0  0 2026-10-06 17:52:13
 1  0 1390628 18611804 13333812 213427444    0    0     0     2 42500 75762  4  9 87  0  0  0 2026-10-06 17:52:15
32  0 1390628 18564096 13333816 213427508    0    0     0    72 45797 56524  4 10 86  0  0  0 2026-10-06 17:52:17
 8  0 1390628 18553640 13333816 213427604    0    0     0     4 43757 59154  4 10 86  0  0  0 2026-10-06 17:52:19
 1  0 1390628 19267780 13333816 213427676    0    0     0 319500 41420 44096  3  9 88  0  0  0 2026-10-06 17:52:21
 1  0 1390628 19326280 13333820 213431360    0    0  1996   296 19960 26903  2  3 95  0  0  0 2026-10-06 17:52:23
procs -----------memory---------- ---swap-- -----io---- -system-- -------cpu------- -----timestamp-----
 r  b   swpd   free   buff  cache   si   so    bi    bo   in   cs us sy id wa st gu                 CDT
32  0 1390628 19227368 13271336 212877120    0    0   400   192 27016 28687  3  6 91  0  0  0 2026-10-06 17:52:25
 0  0 1390628 20440680 13230196 212539684    0    0   340    62 43021 50916  6  8 86  0  0  0 2026-10-06 17:52:27
32  0 1390628 19356924 13230196 212539752    0    0     0     0 43623 66380  7  8 85  0  0  0 2026-10-06 17:52:29
32  0 1390628 19955376 13230196 212539816    0    0     0     0 39815 178377  6  5 90  0  0  0 2026-10-06 17:52:31
32  0 1390628 19261508 13230200 212539868    0    0     0   708 41294 194107  6  5 89  0  0  0 2026-10-06 17:52:33
 0  0 1390628 20289180 13230200 212539972    0    0     0    22 42077 157322  6  6 89  0  0  0 2026-10-06 17:52:35
 1  0 1390628 19192892 13230208 212540156    0    0     0 17574 47607 144137  6  6 88  0  0  0 2026-10-06 17:52:37
 0  0 1390628 20237352 13230208 212540180    0    0     0  5556 44099 100451  6  6 87  0  0  0 2026-10-06 17:52:39
33  0 1390628 19236732 13230292 212542572    0    0    42     6 45162 178422  6  5 89  0  0  0 2026-10-06 17:52:41
 0  0 1390628 20223308 13230300 212542628    0    0     0   852 42782 100982  6  7 87  0  0  0 2026-10-06 17:52:43
10  0 1390628 19242840 13226692 212528148    0    0   712   942 55412 128500  7  6 87  0  0  0 2026-10-06 17:52:45
 1  0 1390628 19742660 13226788 212551460    0    0     0     0 48922 144086  7  5 87  0  0  0 2026-10-06 17:52:47
18  0 1390628 18671816 13226812 212555076    0    0     0  1590 60331 191734  9  6 85  0  0  0 2026-10-06 17:52:49
28  0 1390628 19507456 13226920 212535312    0    0  9118  3000 57033 104492  8  7 85  0  0  0 2026-10-06 17:52:51
14  0 1390628 18251396 13226924 212538604    0    0  1302 319894 53536 149303  8  7 85  0  0  0 2026-10-06 17:52:53
32  0 1390628 17739468 13227328 212551664    0    0  5054     0 49829 89150  8  8 84  0  0  0 2026-10-06 17:52:55
 2  0 1390628 18564968 13227360 212577192    0    0     2 589126 63146 117993  7  7 85  0  0  0 2026-10-06 17:52:57
34  0 1390628 17434052 13227360 212590620    0    0     0     2 49561 86390  8  7 85  0  0  0 2026-10-06 17:52:59
47  0 1390628 17974600 13227372 212617944    0    0     0  1080 57337 109112  9  7 84  0  0  0 2026-10-06 17:53:01
33  0 1390628 17561944 13258988 212568976    0    0    68 45964 67085 85885  8  8 84  0  0  0 2026-10-06 17:53:03
30  0 1390628 17422356 13259836 212570408    0    0    56  4742 58116 76571  7  7 85  0  0  0 2026-10-06 17:53:05
procs -----------memory---------- ---swap-- -----io---- -system-- -------cpu------- -----timestamp-----
 r  b   swpd   free   buff  cache   si   so    bi    bo   in   cs us sy id wa st gu                 CDT
 0  1 1390628 21355028 13260024 211019880    0    0     2 2200050 70768 75054  7  9 84  0  0  0 2026-10-06 17:53:07
 1  0 1390628 19763564 13260144 211564860    0    0     6 342634 61226 119959  7  6 87  0  0  0 2026-10-06 17:53:09
 2  0 1390628 20711320 13260144 211594948    0    0     0    36 47255 144564  6  6 87  0  0  0 2026-10-06 17:53:11
39  1 1390628 20294032 13260260 211647248    0    0    10 709028 67275 122973  7  7 85  0  0  1 2026-10-06 17:53:13
 2  0 1390628 20833492 13260404 211951412    0    0     0 552316 63394 126516  6  8 85  0  0  1 2026-10-06 17:53:15
 8  0 1390628 19154752 13260436 212460504    0    0   212   422 81598 146310  7  7 83  0  0  3 2026-10-06 17:53:17
22  0 1390628 19646156 13260436 212460592    0    0     0    44 43924 61220  7  8 86  0  0  0 2026-10-06 17:53:19
 0  0 1390628 20152052 13260436 212456488    0    0     0     0 42606 52932  7  8 85  0  0  0 2026-10-06 17:53:21
 2  0 1390628 19105508 13260444 212457368    0    0     0   558 47948 55242  7  9 84  0  0  0 2026-10-06 17:53:23
32  0 1390628 19107356 13260444 212468416    0    0     0     0 46832 60798  7  7 86  0  0  0 2026-10-06 17:53:25
19  0 1390628 19070352 13260448 212543296    0    0     0    58 37652 230331  6  5 89  0  0  0 2026-10-06 17:53:27
32  0 1390628 19860796 13260448 212543368    0    0     0     0 39253 207469  6  4 90  0  0  0 2026-10-06 17:53:30
32  0 1390628 19017808 13260456 212543492    0    0     0   154 42566 187068  7  5 89  0  0  0 2026-10-06 17:53:32
 1  0 1390628 20023696 13260460 212545684    0    0     0   312 42904 117098  6  6 87  0  0  0 2026-10-06 17:53:34
32  0 1390628 19002828 13260460 212545716    0    0     0     0 43261 96461  7  6 87  0  0  0 2026-10-06 17:53:36
29  0 1390628 19016244 13260460 212545796    0    0     4    82 44461 117291  7  6 87  0  0  0 2026-10-06 17:53:38
 1  0 1390628 20034232 13260468 212556460    0    0  5310    48 18527 40539  3  2 95  0  0  0 2026-10-06 17:53:40
 0  0 1390628 20012956 13260468 212556556    0    0     0     0 16290 31515  2  2 96  0  0  0 2026-10-06 17:53:42
 1  0 1390628 20008848 13260476 212603032    0    0     0   514 24296 59820  3  3 94  0  0  0 2026-10-06 17:53:44
32  0 1390628 20672252 13260480 211580012    0    0     2 76928 43610 140704  5  2 94  0  0  0 2026-10-06 17:53:46
 0  0 1390628 20943380 13260484 211580280    0    0     0  5094 59261 124827  7  2 91  0  0  0 2026-10-06 17:53:48
procs -----------memory---------- ---swap-- -----io---- -system-- -------cpu------- -----timestamp-----
 r  b   swpd   free   buff  cache   si   so    bi    bo   in   cs us sy id wa st gu                 CDT
27  0 1390628 20510144 13260504 211583676    0    0     0  1996 50180 249492  6  2 92  0  0  0 2026-10-06 17:53:50
 0  0 1390628 20903736 13260504 211583772    0    0     0     4 52624 167858  6  2 92  0  0  0 2026-10-06 17:53:52
 0  0 1390628 20890656 13260512 211584008    0    0     0   922 51495 118555  6  2 92  0  0  0 2026-10-06 17:53:54
 1  0 1390628 20451344 13260524 211584120    0    0     0   166 53641 122600  6  2 91  0  0  0 2026-10-06 17:53:56
 0  0 1390628 20924696 13260524 211584172    0    0     0  1650 51463 95338  7  2 92  0  0  0 2026-10-06 17:53:58
19  0 1390628 20599180 13260524 211584196    0    0     0     0 52114 314998  6  2 92  0  0  0 2026-10-06 17:54:00
32  0 1390628 20464996 13260528 211584336    0    0     0    58 53267 184991  6  2 92  0  0  0 2026-10-06 17:54:02
 0  0 1390628 20877136 13260544 211584420    0    0     0   446 50592 113037  7  2 91  0  0  0 2026-10-06 17:54:04
30  0 1390628 20745164 13260544 211584480    0    0     0    32 53054 139921  6  2 92  0  0  0 2026-10-06 17:54:06
 0  0 1390628 20931292 13260544 211584560    0    0     0    48 51916 97399  7  2 92  0  0  0 2026-10-06 17:54:08
 9  0 1390628 20519772 13260544 211584644    0    0     0     0 52809 299422  6  2 92  0  0  0 2026-10-06 17:54:10
 0  0 1390628 20943012 13260544 211584704    0    0     0     0 52810 314678  6  2 92  0  0  0 2026-10-06 17:54:12
 1  0 1390628 20909136 13260548 211584764    0    0     0   300 50625 248501  6  2 92  0  0  0 2026-10-06 17:54:14
32  0 1390628 20885524 13260548 211585048    0    0     0   150 39607 152399  4  1 94  0  0  0 2026-10-06 17:54:16
32  0 1390628 20448288 13260556 211585256    0    0     0 68562 48256 226086  8  2 90  0  0  0 2026-10-06 17:54:18
34  0 1390628 20872092 13260568 211585544    0    0     0  3808 49027 269758  7  2 91  0  0  0 2026-10-06 17:54:20
32  0 1390628 20654524 13260568 211585596    0    0     0     0 54901 308298  8  2 91  0  0  0 2026-10-06 17:54:22
 3  0 1390628 20396036 13260576 211585656    0    0     0   296 49694 311781  8  2 91  0  0  0 2026-10-06 17:54:24
 0  0 1390628 20959476 13260588 211585736    0    0     0   118 50117 251830  8  1 91  0  0  0 2026-10-06 17:54:26
 1  0 1390628 20334436 13260588 211585776    0    0     0   152 49968 173361  9  2 90  0  0  0 2026-10-06 17:54:28
32  0 1390628 20472480 13260592 211585840    0    0     0    40 46142 284900  7  1 91  0  0  0 2026-10-06 17:54:30
procs -----------memory---------- ---swap-- -----io---- -system-- -------cpu------- -----timestamp-----
 r  b   swpd   free   buff  cache   si   so    bi    bo   in   cs us sy id wa st gu                 CDT
32  0 1390628 20520852 13260592 211585912    0    0     0     0 51849 260061  8  2 91  0  0  0 2026-10-06 17:54:32
 0  0 1390628 20993956 13260600 211585928    0    0     0  2118 47577 133358  9  2 90  0  0  0 2026-10-06 17:54:34
32  0 1390628 20465592 13260600 211585984    0    0     0     0 49083 136891  9  2 90  0  0  0 2026-10-06 17:54:36
20  0 1390628 20561256 13260600 211586048    0    0     0     0 48368 105827  9  2 90  0  0  0 2026-10-06 17:54:38
32  0 1390628 20527412 13260608 211586080    0    0     0    56 46772 229254  8  1 91  0  0  0 2026-10-06 17:54:40
 4  0 1390628 20474684 13261008 211603824    0    0    58  2130 55277 355423  8  2 90  0  0  0 2026-10-06 17:54:42
 1  0 1390628 20548096 13261024 211626452    0    0     0   316 51570 207640  9  2 89  0  0  0 2026-10-06 17:54:44
 3  0 1390628 19782668 13261044 211653820    0    0     0     8 58226 319726 10  2 88  0  0  0 2026-10-06 17:54:46
 3  0 1390628 19789008 13261100 211584316    0    0     2 346000 65515 346132  9  2 89  0  0  0 2026-10-06 17:54:48
30  0 1390628 19310288 13261100 211584968    0    0     0     0 58679 329648  8  2 90  0  0  0 2026-10-06 17:54:50
17  0 1390628 18720976 13261132 211601488    0    0     2   666 60947 208259  9  2 89  0  0  0 2026-10-06 17:54:52
 1  0 1390628 19230256 13261144 211623800    0    0     0  6360 52651 206892  9  2 89  0  0  0 2026-10-06 17:54:54
31  0 1390628 18945852 13261168 211627536    0    0     0   376 61598 214278 11  2 87  0  0  0 2026-10-06 17:54:56
33  0 1390628 18798988 13285872 211602064    0    0     6  7168 61223 188957 10  2 88  0  0  0 2026-10-06 17:54:58
 1  0 1390628 19284844 13291688 211609448    0    0     8 43442 69929 137631  9  2 89  0  0  0 2026-10-06 17:55:00
 2  0 1390624 21927172 13291868 210004048    0    0    56 138740 58865 155705  9  2 90  0  0  0 2026-10-06 17:55:02
24  0 1390624 21178368 13291948 210544764    0    0     0 450642 68517 227737  8  2 89  0  0  0 2026-10-06 17:55:04
 4  0 1390624 21449096 13291952 210575984    0    0     0   284 53481 285704  7  2 91  0  0  0 2026-10-06 17:55:06
 1  2 1390624 21298304 13292076 210682836    0    0     0 677670 72277 303710  8  2 90  0  0  1 2026-10-06 17:55:08
25  0 1390624 20538832 13292176 210969032    0    0     0  2330 63279 354262  8  2 89  0  0  1 2026-10-06 17:55:10
32  0 1390624 20471136 13292224 211458036    0    0     0   522 64235 197053  4  1 92  0  0  3 2026-10-06 17:55:12
procs -----------memory---------- ---swap-- -----io---- -system-- -------cpu------- -----timestamp-----
 r  b   swpd   free   buff  cache   si   so    bi    bo   in   cs us sy id wa st gu                 CDT
28  4 1390624 20461400 13292224 211174772    0    0     0   332 27286 229114  4  1 96  0  0  0 2026-10-06 17:55:14
32  0 1390624 20610328 13292240 211174420    0    0     0  1290 51658 356352  6  1 92  0  0  0 2026-10-06 17:55:16
 1  0 1390624 20557952 13292252 211174608    0    0     0   470 56037 322461  7  1 92  0  0  0 2026-10-06 17:55:18
 1  0 1390624 21069016 13292252 211186948    0    0     0     0 48979 228809  7  1 91  0  0  0 2026-10-06 17:55:20
32  0 1390624 20441636 13292252 211320580    0    0     0     0 56174 275480  7  2 91  0  0  0 2026-10-06 17:55:22
 0  0 1390624 20993092 13292268 211331068    0    0     0   204 49466 146094  7  1 91  0  0  0 2026-10-06 17:55:24
 0  0 1390624 20963468 13292272 211331116    0    0     0   274 54352 129311  8  2 91  0  0  0 2026-10-06 17:55:26
32  0 1390624 20478728 13292272 211332192    0    0     0     0 54218 110971  8  2 91  0  0  0 2026-10-06 17:55:28
 1  0 1390624 20494984 13292272 211336732    0    0     0   108 53007 124848  8  2 91  0  0  0 2026-10-06 17:55:30
 3  0 1390624 20571080 13292540 211345172    0    0    56    56 50959 106500  8  2 91  0  0  0 2026-10-06 17:55:32
32  0 1390624 20647068 13292540 211345172    0    0     0   304 48617 96322  8  2 91  0  0  0 2026-10-06 17:55:34
 9  0 1390624 21039720 13292544 211345592    0    0     0   774 49859 89414  8  1 90  0  0  0 2026-10-06 17:55:36
31  0 1390624 20563860 13292544 211345588    0    0     0     0 58172 255463  7  2 91  0  0  0 2026-10-06 17:55:38
33  0 1390624 20590696 13292560 211346372    0    0     0  1908 51789 137017  7  2 91  0  0  0 2026-10-06 17:55:40
 5  0 1390624 20934180 13292564 211346752    0    0     0  3478 50194 101082  8  1 91  0  0  0 2026-10-06 17:55:42
 2  0 1390624 20609056 13292564 211349972    0    0     0 124744 48680 232876  8  1 91  0  0  0 2026-10-06 17:55:44
32  0 1390624 21008488 13292564 211350036    0    0     0   312 50787 196516  7  1 92  0  0  0 2026-10-06 17:55:46
 0  0 1390620 21160584 13292572 211350212    0    0     0  3396 55111 132831  8  2 90  0  0  0 2026-10-06 17:55:48
30  2 1390620 20626200 13292572 211350292    0    0     0     6 49401 134650  8  1 91  0  0  0 2026-10-06 17:55:50
17  0 1390620 20638868 13292580 211350472    0    0     0    66 51066 122351  8  2 91  0  0  0 2026-10-06 17:55:52
31  0 1390620 20702484 13292580 211350548    0    0     0     0 47320 75570  8  1 91  0  0  0 2026-10-06 17:55:54
procs -----------memory---------- ---swap-- -----io---- -system-- -------cpu------- -----timestamp-----
 r  b   swpd   free   buff  cache   si   so    bi    bo   in   cs us sy id wa st gu                 CDT
32  0 1390620 20667164 13292588 211350692    0    0     0   294 48085 87156  8  2 91  0  0  0 2026-10-06 17:55:56
 0  0 1390620 21177844 13292592 211350852    0    0     0   146 48809 133138  8  1 91  0  0  0 2026-10-06 17:55:58
 0  0 1390620 21188840 13292592 211350964    0    0     0    32 48208 116317  8  2 91  0  0  0 2026-10-06 17:56:00
 1  0 1390620 21167868 13292604 211351100    0    0     0    96 36997 78973  5  1 93  0  0  0 2026-10-06 17:56:02
