procs -----------memory---------- ---swap-- -----io---- -system-- -------cpu------- -----timestamp-----
 r  b   swpd   free   buff  cache   si   so    bi    bo   in   cs us sy id wa st gu                 CDT
 1  0 1391128 17847420 10966632 217403880    6   34   920  9611 5484    0  1  0 99  0  0  0 2026-10-06 17:14:47
 4  0 1391128 15700876 10966640 217406628    0    0  1272   150 13240 10999  0  0 99  0  0  0 2026-10-06 17:14:49
 1  0 1391128 12525048 10966640 217408200    0    0     0     0 18882 20996  1  1 97  0  0  1 2026-10-06 17:14:51
 2  0 1391128 9333000 10966640 217450660    0    0 21160    26 22687 12618  1  0 98  0  0  0 2026-10-06 17:14:53
 1  0 1391128 7726264 10966660 217461140    0    0     0   190 32542 19810  1  1 97  0  0  2 2026-10-06 17:14:55
 1  0 1391128 16355924 10966668 217451184    0    0     0   408 22620 12763  1  0 99  0  0  0 2026-10-06 17:14:57
 3  0 1391128 13754076 10966668 217451392    0    0     0     2 57066 50244  1  1 96  0  0  1 2026-10-06 17:14:59
 9  0 1391128 10526428 10966680 217451428    0    0     0  2176 64264 47550  1  1 95  0  0  3 2026-10-06 17:15:01
 3  0 1391128 6756916 10966680 217451576    0    0     0 124814 53088 51182  2  4 93  0  0  0 2026-10-06 17:15:03
33  0 1391128 7459832 10966680 217461824    0    0     0   236 52567 127283  5 11 84  0  0  1 2026-10-06 17:15:05
33  0 1391128 14485860 10966688 217451928    0    0     0   194 49824 117964  5 11 85  0  0  0 2026-10-06 17:15:07
33  0 1391128 12092992 10966716 217452200    0    0     0  6550 58673 93145  5 12 81  0  0  2 2026-10-06 17:15:09
33  0 1391128 8672264 10966724 217452268    0    0     0   150 43910 140565  5 10 86  0  0  0 2026-10-06 17:15:11
38  0 1391128 7534424 10966724 217453236    0    0     0     2 55875 106416  4 12 83  0  0  1 2026-10-06 17:15:13
33  0 1391128 6978284 10966736 217463500    0    0     0    88 45911 145414  5  9 86  0  0  0 2026-10-06 17:15:15
33  0 1391128 7406128 10966740 217464976    0    0     0   114 46598 183569  4  9 86  0  0  0 2026-10-06 17:15:17
33  0 1391128 6905148 10966744 217469180    0    0     0   370 50521 233438  5  7 86  0  0  1 2026-10-06 17:15:19
26  0 1391128 17101196 10966764 217460120    0    0     0   408 50629 143752  4 10 85  0  0  1 2026-10-06 17:15:21
 8  0 1391128 16630128 10966764 217460880    0    0     0     2 38434 122380  4  8 88  0  0  0 2026-10-06 17:15:23
 9  0 1391128 19807560 10964560 215899960    0    0    20   664 35752 64330  3  7 89  0  0  1 2026-10-06 17:15:25
 1  0 1391128 19937528 10964572 215795644    0    0     0  2372 47866 106610  6  9 85  0  0  0 2026-10-06 17:15:27
procs -----------memory---------- ---swap-- -----io---- -system-- -------cpu------- -----timestamp-----
 r  b   swpd   free   buff  cache   si   so    bi    bo   in   cs us sy id wa st gu                 CDT
 0  0 1391128 19825664 10964572 215796116    0    0     0     0 53586 92585  6 10 83  0  0  1 2026-10-06 17:15:29
 8  0 1391128 19756560 10964580 215796632    0    0     0 13238 51050 111401  6  9 84  0  0  2 2026-10-06 17:15:31
 1  0 1391128 18341212 10964592 215792400    0    0     0  1528 50864 122768  6  9 84  0  0  1 2026-10-06 17:15:33
32  0 1391128 18611132 10964592 215749728    0    0     0    16 50790 94578  6 10 83  0  0  1 2026-10-06 17:15:35
36  0 1391128 16647616 10964620 215762248    0    0  2910 320230 60436 93958  7 10 82  0  0  1 2026-10-06 17:15:37
33  0 1391128 14306068 10964624 215827596    0    0 36370  3512 58567 67628  7 11 81  0  0  2 2026-10-06 17:15:39
33  0 1391128 10698484 10964644 215815304    0    0     0   428 54330 80674  7 11 82  0  0  1 2026-10-06 17:15:41
33  0 1391128 9159396 10964644 215815668    0    0     0   174 54050 98632  7 10 82  0  0  1 2026-10-06 17:15:43
33  0 1391128 8887896 10964660 215830188    0    0  2112    82 49552 59775  7 10 82  0  0  0 2026-10-06 17:15:45
 2  0 1391128 15848268 10964660 215820116    0    0     0    46 46434 75646  6 10 84  0  0  0 2026-10-06 17:15:47
10  0 1391128 16874296 10964660 215878020    0    0  6688     0 25774 48141  3  3 94  0  0  1 2026-10-06 17:15:49
 1  0 1391128 15020212 10964664 214859544    0    0   196   626 59616 341942  5  2 92  0  0  1 2026-10-06 17:15:51
 1  0 1391128 11124456 10964668 214860728    0    0     0   380 60397 304163  6  2 90  0  0  1 2026-10-06 17:15:53
 1  0 1391128 10719400 10964680 214869472    0    0     0  1568 63967 220380  7  2 90  0  0  1 2026-10-06 17:15:55
 2  0 1391128 10474812 10964680 214871648    0    0     0 70296 58477 171950  7  2 91  0  0  0 2026-10-06 17:15:57
33  0 1391128 19203872 10964688 215146088    0    0     2   404 50541 106708  7  2 91  0  0  0 2026-10-06 17:15:59
25  0 1391128 19849520 10964688 215146424    0    0     0    66 48988 209255  8  2 90  0  0  0 2026-10-06 17:16:01
 1  0 1391128 19947148 10964688 215146424    0    0     0   278 49390 331477  8  1 91  0  0  0 2026-10-06 17:16:03
23  0 1391128 19523916 10964688 215146424    0    0     0     0 47567 273918  8  2 90  0  0  0 2026-10-06 17:16:05
32  0 1391128 19972632 10964692 215146504    0    0     0  1104 52584 338767  7  1 91  0  0  0 2026-10-06 17:16:07
30  0 1391128 19485772 10964692 215146496    0    0     0   854 49020 280945  8  2 90  0  0  0 2026-10-06 17:16:09
procs -----------memory---------- ---swap-- -----io---- -system-- -------cpu------- -----timestamp-----
 r  b   swpd   free   buff  cache   si   so    bi    bo   in   cs us sy id wa st gu                 CDT
32  0 1391128 19512952 10964696 215146492    0    0     0    50 50918 318684  7  2 91  0  0  0 2026-10-06 17:16:11
33  0 1391128 18391908 10964708 215149176    0    0  1322   384 53723 290077  8  2 90  0  0  0 2026-10-06 17:16:13
 2  0 1391128 16124360 10964708 215149168    0    0     0     4 36426 98846  7  1 92  0  0  0 2026-10-06 17:16:15
 1  0 1391128 13496136 10964716 214864844    0    0     0   372 50633 171570  8  2 91  0  0  0 2026-10-06 17:16:17
 1  0 1391128 10851584 10964716 214864860    0    0     0    16 50300 124308  8  2 90  0  0  0 2026-10-06 17:16:19
 2  0 1391128 10099152 10964716 214879472    0    0  2204  4746 52031 95995  9  2 90  0  0  0 2026-10-06 17:16:21
 1  0 1391128 10669348 10964732 214871432    0    0     0   344 52211 87977  9  2 90  0  0  0 2026-10-06 17:16:23
34  0 1391128 17700196 10964732 214869264    0    0     0     0 51764 233025  8  2 91  0  0  0 2026-10-06 17:16:25
 1  0 1391128 15396676 10964752 214869280    0    0     0   110 53011 291929  7  2 91  0  0  0 2026-10-06 17:16:27
 1  0 1391128 12044996 10964752 214869292    0    0     0 67706 45540 227111  7  2 92  0  0  0 2026-10-06 17:16:29
