procs -----------memory---------- ---swap-- -----io---- -system-- -------cpu------- -----timestamp-----
 r  b   swpd   free   buff  cache   si   so    bi    bo   in   cs us sy id wa st gu                 CDT
 2  0 1391420 9726140 10778332 216605228    6   34   917  9593 5467    0  1  0 99  0  0  0 2026-10-06 16:57:24
 1  0 1391420 9420404 10778348 216610556    0    0  1350   894 11364 7672  1  0 99  0  0  0 2026-10-06 16:57:26
 3  0 1391420 10054104 10778364 216689872    0    0 42312   282 19340 10087  1  0 98  0  0  0 2026-10-06 16:57:28
 0  0 1391420 19067452 10778408 216692596    0    0   174   948 20963 8701  0  0 99  0  0  0 2026-10-06 16:57:30
 0  0 1391420 18939104 10778428 216718732    0    0     8   566 45794 36240  1  0 99  0  0  0 2026-10-06 16:57:32
 2  0 1391420 18907900 10778436 216721496    0    0     0   738 52271 43072  1  1 98  0  0  0 2026-10-06 16:57:34
 0  0 1391420 21705440 10778380 214364536    0    0   548   466 42540 70525  3 11 86  0  0  0 2026-10-06 16:57:36
32  0 1391420 20819480 10778412 214329804    0    0     0  1574 49929 68430  4 13 83  0  0  0 2026-10-06 16:57:38
32  1 1391420 20791764 10778412 214331344    0    0     0   568 42593 55120  4 13 83  0  0  0 2026-10-06 16:57:40
32  0 1391420 20757908 10778440 214332660    0    0     0   678 47696 57531  4 13 83  0  0  0 2026-10-06 16:57:42
 1  0 1391420 20712448 10778476 214338012    0    0     0  1680 49943 56095  4 13 82  0  0  0 2026-10-06 16:57:44
11  0 1391420 21197108 10778484 214338120    0    0     0    86 43655 48105  4 13 83  0  0  0 2026-10-06 16:57:46
 2  0 1391420 21453372 10778500 214345052    0    0    90  2258 50238 58350  4 14 82  0  0  0 2026-10-06 16:57:48
31  1 1391420 23062888 10778592 212578972    0    0    34  2742 34327 33612  3  7 89  0  0  0 2026-10-06 16:57:50
32  0 1391420 22611928 10778608 212366008    0    0     0   474 48198 130572  6  8 85  0  0  0 2026-10-06 16:57:52
33  0 1391420 22856724 10777436 212157108    0    0     0     0 47707 94783  7  8 85  0  0  1 2026-10-06 16:57:54
 1  0 1391420 24029252 10774152 212005440    0    0    34  5696 49951 65258  6 10 84  0  0  0 2026-10-06 16:57:56
33  0 1391420 23099756 10774172 211823028    0    0     0  1004 46118 87233  7  9 84  0  0  0 2026-10-06 16:57:58
19  0 1391420 23135876 10774188 211785792    0    0     0  2456 53153 74169  7  9 83  0  0  1 2026-10-06 16:58:00
11  0 1391420 24235464 10774212 211699408    0    0     0  2924 50738 62738  6 10 83  0  0  1 2026-10-06 16:58:02
 1  0 1391420 24352320 10774212 211603504    0    0     0     0 38645 48511  5  6 89  0  0  1 2026-10-06 16:58:04
procs -----------memory---------- ---swap-- -----io---- -system-- -------cpu------- -----timestamp-----
 r  b   swpd   free   buff  cache   si   so    bi    bo   in   cs us sy id wa st gu                 CDT
30  0 1391420 24735836 10774212 210582384    0    0     4 332458 46861 79634  5  2 93  0  0  0 2026-10-06 16:58:06
32  0 1391420 24648120 10774220 210582756    0    0     0  1594 53609 222832  6  2 92  0  0  0 2026-10-06 16:58:08
33  0 1391420 24587184 10774256 210583316    0    0     0   768 60997 265245  6  2 92  0  0  0 2026-10-06 16:58:10
 0  0 1391420 25074256 10774284 210584448    0    0   160  2092 42843 210361  7  1 92  0  0  0 2026-10-06 16:58:12
31  0 1391420 24886636 10774284 210584928    0    0     0     0 45101 288725  8  2 91  0  0  0 2026-10-06 16:58:14
32  0 1391420 24541212 10774284 210584928    0    0     0     0 48239 289383  8  2 91  0  0  0 2026-10-06 16:58:16
 2  0 1391420 23220340 10774288 210594952    0    0  4364  1880 46440 168495  9  2 89  0  0  0 2026-10-06 16:58:18
 2  0 1391420 19966808 10774288 210988824    0    0 196488     0 52375 135072  9  2 88  0  0  0 2026-10-06 16:58:20
 1  0 1391420 17631760 10774300 210705152    0    0    16 68650 39109 81828  7  2 92  0  0  0 2026-10-06 16:58:22
33  0 1391420 14435916 10774300 210705156    0    0     0     0 51301 316775  7  2 91  0  0  0 2026-10-06 16:58:24
 1  0 1391420 14547944 10774300 210717048    0    0   828     0 48385 246627  8  2 90  0  0  0 2026-10-06 16:58:26
11  3 1391420 14631412 10774304 210717048    0    0     0   248 51305 195211  8  2 90  0  0  0 2026-10-06 16:58:28
31  2 1391420 22905560 10774304 210706852    0    0     0  3506 50801 121237  8  2 89  0  0  0 2026-10-06 16:58:30
