procs -----------memory---------- ---swap-- -----io---- -system-- -------cpu------- -----timestamp-----
 r  b   swpd   free   buff  cache   si   so    bi    bo   in   cs us sy id wa st gu                 CDT
 2  0 1390764 16773064 11320612 215939644    6   34   920  9622 5491    0  1  0 99  0  0  0 2026-10-06 17:27:06
 1  0 1390764 16599076 11320756 215951332    0    0  5584   434 13888 12826  1  0 99  0  0  0 2026-10-06 17:27:08
 1  0 1390764 16319460 11320756 215951488    0    0     0    28 15118 14928  1  0 99  0  0  0 2026-10-06 17:27:10
 1  0 1390764 16068424 11320756 215951776    0    0     0    28 14853 15391  1  0 99  0  0  0 2026-10-06 17:27:12
 2  0 1390764 15795372 11320768 215951784    0    0     0   392 10756 7956  1  0 99  0  0  0 2026-10-06 17:27:14
 1  0 1390764 15466632 11320768 216132108    0    0 89942    34 20054 13159  1  0 99  0  0  0 2026-10-06 17:27:16
 1  0 1390764 15748340 11320768 216136256    0    0     0   386 21257 10087  1  0 99  0  0  0 2026-10-06 17:27:18
 1  0 1390764 15707580 11320776 216136668    0    0   106  3954 21152 9743  1  0 99  0  0  0 2026-10-06 17:27:20
 1  0 1390764 15813216 11320776 216136836    0    0     0     0 20461 9865  1  0 99  0  0  0 2026-10-06 17:27:22
 2  0 1390764 15993220 11320784 216138280    0    0     0   552 21360 13831  1  0 99  0  0  0 2026-10-06 17:27:24
10  0 1390764 15732660 11320792 216138368    0    0     0   270 35054 19254  6  0 93  0  0  0 2026-10-06 17:27:26
 1  0 1390764 15984804 11320792 216138368    0    0     0     0 50271 44081  3  1 96  0  0  0 2026-10-06 17:27:28
16  0 1390764 15947916 11320792 216138368    0    0     0     0 53224 43579  2  1 97  0  0  0 2026-10-06 17:27:30
 2  0 1390764 14817672 11320816 216187508    0    0     0   124 65214 43688 10  1 88  0  0  0 2026-10-06 17:27:32
 1  0 1390764 14970700 11320820 216189824    0    0     0   288 50394 43806  2  1 98  0  0  0 2026-10-06 17:27:34
 2  0 1390764 15150680 11320820 216189828    0    0     0     0 48958 46322  2  1 98  0  0  0 2026-10-06 17:27:36
12  0 1390764 13823080 11320832 216231148    0    0     0  5540 65899 122005  7  8 86  0  0  0 2026-10-06 17:27:38
34  0 1390764 14518292 11320832 216232188    0    0     0    32 54584 129698  9 11 80  0  0  0 2026-10-06 17:27:40
33  0 1390764 14590188 11320832 216232184    0    0     0     0 49568 117897  5 11 84  0  0  0 2026-10-06 17:27:42
33  0 1390764 14944888 11320832 216232184    0    0     0   360 44854 97908  5 10 85  0  0  0 2026-10-06 17:27:44
35  0 1390764 16206888 11320868 216231908    2    0     4 390568 51418 128247  5 10 86  0  0  0 2026-10-06 17:27:46
procs -----------memory---------- ---swap-- -----io---- -system-- -------cpu------- -----timestamp-----
 r  b   swpd   free   buff  cache   si   so    bi    bo   in   cs us sy id wa st gu                 CDT
 0  0 1390764 16948712 11320960 216231696    2    0     2 658168 74467 107982  5 12 83  0  0  0 2026-10-06 17:27:48
21  0 1390764 16301188 11320960 216231264    0    0     0     0 48748 83490  4 12 84  0  0  0 2026-10-06 17:27:50
32  0 1390764 16558604 11320960 216231224    0    0     0     0 49489 77666  4 11 84  0  0  0 2026-10-06 17:27:52
31  1 1390764 16633712 11320972 216231232    0    0     0   748 46909 70824  4 11 84  0  0  0 2026-10-06 17:27:54
 0  0 1390764 17564428 11320972 216231232    0    0     0     0 45011 55251  4 13 83  0  0  0 2026-10-06 17:27:56
31  0 1390764 16899208 11320976 216231232    0    0     0    50 46023 52769  4 13 83  0  0  0 2026-10-06 17:27:58
32  0 1390764 17097800 11320976 216231224    0    0     0     0 46704 60126  4 12 84  0  0  0 2026-10-06 17:28:00
33  0 1390764 17583668 11320976 216231228    0    0     0     0 45391 67656  4 12 84  0  0  0 2026-10-06 17:28:02
 1  0 1390764 17241392 11320980 216231228    0    0     0   306 43046 82440  4 12 84  0  0  0 2026-10-06 17:28:04
33  0 1390764 17244796 11320980 216231216    0    0     0     0 48595 61565  4 12 83  0  0  0 2026-10-06 17:28:06
32  0 1390764 17238540 11320988 216231216    0    0     0   292 46072 59286  4 12 84  0  0  0 2026-10-06 17:28:08
32  0 1390764 17806216 11320988 216231216    0    0     0     0 48382 48108  4 13 83  0  0  0 2026-10-06 17:28:10
 0  0 1390764 18245928 11320988 216231224    0    0     0     0 47617 43976  4 13 82  0  0  0 2026-10-06 17:28:12
32  0 1390764 17509420 11321008 216231200    0    0     6   842 49269 55389  4 13 83  0  0  0 2026-10-06 17:28:14
32  0 1390764 17456536 11321008 216231200    0    0     0     0 46177 43263  4 13 83  0  0  0 2026-10-06 17:28:16
 1  1 1390764 18368768 11321012 216231200    0    0     0 264868 40122 109120  3  8 89  0  0  0 2026-10-06 17:28:18
 2  0 1390764 18398876 11321012 216231192    0    0     0 120186 23279 52024  2  4 94  0  0  0 2026-10-06 17:28:20
32  0 1390764 19592668 11295388 214680428    0    0    24 30522 39521 58609  4 10 86  0  0  0 2026-10-06 17:28:22
32  0 1390764 19634776 11281568 214435984    0    0     0   890 45715 56609  5 13 82  0  0  0 2026-10-06 17:28:24
32  1 1390764 19794540 11281388 214394924    0    0     0  2568 46869 53191  5 13 82  0  0  0 2026-10-06 17:28:26
32  0 1390764 19765020 11281388 214394928    0    0     0 26104 45054 50823  5 12 83  0  0  0 2026-10-06 17:28:28
procs -----------memory---------- ---swap-- -----io---- -system-- -------cpu------- -----timestamp-----
 r  b   swpd   free   buff  cache   si   so    bi    bo   in   cs us sy id wa st gu                 CDT
 1  0 1390764 20738436 11281396 214394960    0    0     0    52 45475 45938  4 13 82  0  0  0 2026-10-06 17:28:30
32  0 1390764 19807940 11281396 214382492    0    0     0     0 47991 41327  5 14 81  0  0  0 2026-10-06 17:28:32
32  0 1390764 19811632 11281400 214382532    0    0     0   292 49478 49797  6 13 81  0  0  0 2026-10-06 17:28:34
32  0 1390764 19707444 11281400 214382532    0    0     0     0 43421 112386  5 10 85  0  0  0 2026-10-06 17:28:36
14  0 1390764 20316836 11281384 214361968    0    0    42     0 47353 106992  5 10 85  0  0  0 2026-10-06 17:28:38
 0  0 1390764 20984504 11281400 214345348    0    0     0  7724 41413 117572  5 10 85  0  0  0 2026-10-06 17:28:40
32  0 1390764 19797456 11281400 214345380    0    0     0     0 42079 112717  5 10 85  0  0  0 2026-10-06 17:28:42
32  0 1390764 19797228 11281404 214345544    0    0     0   308 45319 58125  5 12 83  0  0  0 2026-10-06 17:28:44
32  0 1390764 19709540 11281404 214345540    0    0     0  4096 45496 42100  5 13 82  0  0  0 2026-10-06 17:28:46
 0  0 1390764 20864704 11281192 214337232    0    0     0    36 44374 36515  5 14 81  0  0  0 2026-10-06 17:28:48
32  0 1390764 19830992 11281196 214303836    0    0     0    50 45913 52373  5 14 81  0  0  0 2026-10-06 17:28:50
32  0 1390764 19970724 11281196 214254296    0    0     0     0 45721 43100  5 13 82  0  0  0 2026-10-06 17:28:52
32  0 1390764 19953804 11281200 214254300    0    0     0   290 45601 42847  5 13 82  0  0  0 2026-10-06 17:28:54
 1  0 1390764 20881088 11281204 214254284    0    0     0 102400 43518 42613  5 13 83  0  0  0 2026-10-06 17:28:56
32  0 1390764 19901908 11281204 214229296    0    0     0     0 44565 58289  5 13 82  0  0  0 2026-10-06 17:28:58
32  0 1390764 19937756 11281212 214221036    0    0     0    60 45632 58335  5 12 82  0  0  0 2026-10-06 17:29:00
32  0 1390764 20348104 11281212 214221036    0    0     0 2391970 61084 75649  5 12 83  0  0  0 2026-10-06 17:29:02
31  0 1390764 20878900 11281216 214200440    0    0     0   286 40197 73838  5 11 84  0  0  0 2026-10-06 17:29:04
32  0 1390764 19647744 11281216 214200520    0    0     0     0 42784 73177  5 12 83  0  0  0 2026-10-06 17:29:06
32  0 1390764 19752844 11281216 214200520    0    0     0     0 43202 65397  5 12 83  0  0  0 2026-10-06 17:29:08
32  0 1390764 20001640 11281220 214175508    0    0     0   304 43708 83266  5 11 84  0  0  0 2026-10-06 17:29:10
procs -----------memory---------- ---swap-- -----io---- -system-- -------cpu------- -----timestamp-----
 r  b   swpd   free   buff  cache   si   so    bi    bo   in   cs us sy id wa st gu                 CDT
32  0 1390764 20174164 11281220 214142320    0    0     0     0 43188 126676  5  9 86  0  0  0 2026-10-06 17:29:12
 0  0 1390764 21059052 11281228 214142320    0    0     0  2460 41991 81834  5 11 84  0  0  0 2026-10-06 17:29:14
33  0 1390764 20340532 11281228 214142396    0    0    36 288892 38036 40215  4  9 87  0  0  0 2026-10-06 17:29:16
32  0 1390764 20074908 11281228 214145572    0    0  5822   482 23557 21201  3  6 92  0  0  0 2026-10-06 17:29:18
 1  0 1390764 21062404 11281236 214149332    0    0  1880    60 22629 26524  2  5 92  0  0  0 2026-10-06 17:29:20
 0  0 1390764 21928664 11281236 213125148    0    0     0   136 38849 68122  4  1 94  0  0  0 2026-10-06 17:29:22
17  0 1390764 21462584 11281248 213125116    0    0     0   814 55062 101342  7  2 91  0  0  0 2026-10-06 17:29:24
32  0 1390764 21714668 11281248 213125116    0    0     0     0 52520 108958  6  2 92  0  0  0 2026-10-06 17:29:26
 0  0 1390764 21886724 11281248 213125116    0    0     0     0 54949 99766  7  2 91  0  0  0 2026-10-06 17:29:28
32  0 1390764 21428320 11281256 213125120    0    0     0    82 57335 105851  6  2 92  0  0  0 2026-10-06 17:29:30
 1  0 1390764 21750636 11281256 213125132    0    0    14     0 57637 311898  6  2 92  0  0  0 2026-10-06 17:29:32
32  0 1390764 21168136 11281268 213127732    0    0   280 69098 60572 233945  7  2 91  0  0  0 2026-10-06 17:29:34
33  0 1390764 20873268 11282076 213266340    0    0   116  2668 70593 197433  7  2 91  0  0  0 2026-10-06 17:29:36
12  0 1390764 21058328 11282076 213267236    0    0     0     0 57426 262037  6  2 92  0  0  0 2026-10-06 17:29:38
32  0 1390764 20742304 11282076 213551652    0    0     0   164 38594 187112  6  1 93  0  0  0 2026-10-06 17:29:40
30  2 1390764 20556856 11282088 213551648    0    0     0   960 47405 258060  8  1 90  0  0  0 2026-10-06 17:29:42
 0  0 1390764 21232764 11282088 213551648    0    0     0     2 46854 169947  8  2 90  0  0  0 2026-10-06 17:29:44
 2  0 1390764 20587356 11282092 213551656    0    0     0  6938 51875 164788  9  2 89  0  0  0 2026-10-06 17:29:46
 0  0 1390764 21232044 11282092 213551660    0    0     0     4 48861 197064  8  2 90  0  0  0 2026-10-06 17:29:48
 0  0 1390764 21242060 11282096 213551664    0    0     0  3456 50700 111471  9  2 89  0  0  0 2026-10-06 17:29:50
32  0 1390764 20721584 11282096 213551660    0    0     0     0 50135 163664  9  2 90  0  0  0 2026-10-06 17:29:52
procs -----------memory---------- ---swap-- -----io---- -system-- -------cpu------- -----timestamp-----
 r  b   swpd   free   buff  cache   si   so    bi    bo   in   cs us sy id wa st gu                 CDT
32  0 1390764 20667556 11282096 213551660    0    0     0     4 47980 266614  8  2 91  0  0  0 2026-10-06 17:29:54
31  2 1390764 20646600 11282104 213551632    0    0     0   290 50390 263987  8  2 90  0  0  0 2026-10-06 17:29:56
28  0 1390764 20701256 11282104 213551628    0    0     0     0 47508 280024  8  2 91  0  0  0 2026-10-06 17:29:58
32  0 1390764 20693732 11282108 213551624    0    0     0    56 44246 285816  8  1 91  0  0  0 2026-10-06 17:30:00
16  0 1390764 20720680 11282112 213551716    0    0    38     0 47908 264306  8  2 90  0  0  0 2026-10-06 17:30:02
 0  0 1390764 21276908 11282112 213551724    0    0     0 70038 49735 204071  8  2 90  0  0  0 2026-10-06 17:30:04
32  0 1390764 20669752 11282120 213551732    0    0     0  1844 50602 168530  9  2 89  0  0  0 2026-10-06 17:30:06
 1  0 1390764 20725644 11282124 213551808    0    0     2 66986 49976 275744  8  1 91  0  0  0 2026-10-06 17:30:08
 1  0 1390764 21356868 11282132 213551828    0    0     0  3434 45390 234882  6  1 92  0  0  0 2026-10-06 17:30:10
 1  0 1390764 21452600 11282140 213551832    0    0     0    40 27584 177935  3  1 96  0  0  0 2026-10-06 17:30:12
32  0 1390764 21163876 11282140 213267552    0    0     0 253964 45494 285887  6  1 92  0  0  0 2026-10-06 17:30:14
32  0 1390764 21136860 11282148 213267544    0    0     0   430 47514 318482  7  1 92  0  0  0 2026-10-06 17:30:16
32  0 1390764 21348580 11282148 213267544    0    0     0     6 55422 222599  7  1 91  0  0  0 2026-10-06 17:30:18
 1  0 1390764 21118560 11282156 213267552    0    0     0    64 49534 293489  7  1 91  0  0  0 2026-10-06 17:30:20
32  0 1390764 21318552 11282156 213267548    0    0     0  2400 48082 208644  7  2 91  0  0  0 2026-10-06 17:30:22
 0  0 1390764 21685984 11282156 213267528    0    0     0     0 46948 173750  8  2 91  0  0  0 2026-10-06 17:30:24
 0  0 1390764 21635568 11282168 213267512    0    0     0   310 48520 150992  8  2 91  0  0  0 2026-10-06 17:30:26
32  0 1390764 21175708 11282168 213267516    0    0     0     0 49251 214120  7  2 91  0  0  0 2026-10-06 17:30:28
 1  0 1390764 21656164 11282176 213267512    0    0     0    56 47540 155174  7  2 91  0  0  0 2026-10-06 17:30:30
 1  0 1390764 21619720 11282176 213267516    0    0     0    12 49016 87700  8  2 90  0  0  0 2026-10-06 17:30:32
 1  0 1390764 21617200 11282188 213267596    0    0    32    54 53130 95655  8  2 90  0  0  0 2026-10-06 17:30:34
procs -----------memory---------- ---swap-- -----io---- -system-- -------cpu------- -----timestamp-----
 r  b   swpd   free   buff  cache   si   so    bi    bo   in   cs us sy id wa st gu                 CDT
 0  0 1390764 21659456 11282192 213267596    0    0     0   318 56134 176499  8  1 91  0  0  0 2026-10-06 17:30:36
33  0 1390764 21130456 11282192 213267596    0    0     0     6 51003 248167  7  2 91  0  0  0 2026-10-06 17:30:38
32  0 1390764 21153052 11282192 213267596    0    0     0    56 39681 113347  6  1 93  0  0  0 2026-10-06 17:30:40
