procs -----------memory---------- ---swap-- -----io---- -system-- -------cpu------- -----timestamp-----
 r  b   swpd   free   buff  cache   si   so    bi    bo   in   cs us sy id wa st gu                 CDT
 1  0 1391396 24427428 10775292 210254668    6   34   918  9594 5470    0  1  0 99  0  0  0 2026-10-06 17:00:27
 0  0 1391396 24489216 10775292 210256408    0    0  1330     0 8026 5805  0  0 100  0  0  0 2026-10-06 17:00:29
 0  0 1391396 24526068 10775292 210298644    0    0 21108     0 11672 6627  0  0 100  0  0  0 2026-10-06 17:00:31
 0  0 1391396 24576704 10775300 210299168    0    0     0  1178 16533 7340  0  0 100  0  0  0 2026-10-06 17:00:33
 1  0 1391396 24180524 10775304 210307728    0    0  4296   300 42823 40104  1  1 98  0  0  0 2026-10-06 17:00:35
14  0 1391396 23802396 10775592 210407392    0    0  3410     0 52146 80065  2  1 97  0  0  0 2026-10-06 17:00:37
33  0 1391396 22620236 10776372 210536072    0    0   522 91232 57091 81457  5 11 85  0  0  0 2026-10-06 17:00:39
28  0 1391396 23000060 10776372 210541604    0    0   776     0 90611 274189  4 12 82  0  0  1 2026-10-06 17:00:41
39  0 1391396 21288152 10793048 211654816    0    0  4888 35328 118720 473742  6 12 82  0  0  1 2026-10-06 17:00:43
50  0 1391396 17955968 10838044 214542368    0    0 132118 85398 175352 715800  8 14 77  0  0  1 2026-10-06 17:00:45
51  0 1391396 15816096 10860088 215706324    0    0  6306 51416 229700 544096 13 14 71  0  0  1 2026-10-06 17:00:47
42  0 1391396 14721280 10860640 215982784    0    0   986  2512 300831 464681 21 15 63  0  0  1 2026-10-06 17:00:49
42  0 1391396 15503384 10861036 216059972    0    0  1908  7554 107873 207074  8 11 80  0  0  1 2026-10-06 17:00:51
10  0 1391396 18058836 10860784 216119868    0    0    32 211498 86008 141501  5  7 87  0  0  1 2026-10-06 17:00:53
53  0 1391396 16976596 10860928 216196996    0    0     0  8626 141175 261196 14  3 82  0  0  1 2026-10-06 17:00:55
 8  0 1391396 16782708 10861156 216339888    0    0     4   438 237193 390066 20  5 74  0  0  2 2026-10-06 17:00:57
12  0 1391396 17174404 10861400 216344424    0    0    68 1569340 116874 191861 13  3 82  0  0  1 2026-10-06 17:00:59
36  0 1391396 16753380 10861592 216374176    0    0    44 717836 84394 153471 11  3 85  0  0  1 2026-10-06 17:01:01
10  0 1391396 18001900 10861632 216250940    0    0     2  2218 77062 153146 11  3 85  0  0  1 2026-10-06 17:01:03
 4  0 1391396 18722356 10861680 215254496    0    0  5678 15896 56345 125125  5  1 93  0  0  1 2026-10-06 17:01:05
36  0 1391396 17793908 10861692 215334232    0    0     2  2074 91090 260687  8  3 88  0  0  1 2026-10-06 17:01:07
procs -----------memory---------- ---swap-- -----io---- -system-- -------cpu------- -----timestamp-----
 r  b   swpd   free   buff  cache   si   so    bi    bo   in   cs us sy id wa st gu                 CDT
32  0 1391396 17891056 10861712 215329060    0    0   432 334056 89162 260400  7  3 89  0  0  1 2026-10-06 17:01:09
10  0 1391396 17767740 10861712 215614468    0    0   474  1104 56209 167680  7  2 89  0  0  1 2026-10-06 17:01:11
 3  0 1391396 17282116 10861712 215615980    0    0   530     0 59660 176457 10  2 87  0  0  2 2026-10-06 17:01:13
 1  0 1391396 17941028 10861716 215617240    0    0   160   464 54245 250210  9  2 89  0  0  1 2026-10-06 17:01:15
34  0 1391396 17558132 10861716 215619068    0    0   168 22422 54163 198708  9  2 89  0  0  1 2026-10-06 17:01:17
33  0 1391396 17446484 10861716 215620616    0    0    28    70 59311 234221  9  2 88  0  0  1 2026-10-06 17:01:19
 2  0 1391396 17861036 10861716 215622324    0    0     8     0 58285 300934  8  2 89  0  0  1 2026-10-06 17:01:21
25  0 1391396 17721468 10861716 215339700    0    0     0    64 46581 242316  6  1 91  0  0  1 2026-10-06 17:01:23
29  0 1391396 17729744 10861724 215340864    0    0    14 88626 57872 297331  8  1 90  0  0  1 2026-10-06 17:01:25
 2  0 1391396 18232076 10861724 215342640    0    0     0     0 59220 227055  8  2 90  0  0  1 2026-10-06 17:01:27
 3  0 1391396 17714308 10861724 215344144    0    0     0   238 63165 161253  9  2 88  0  0  1 2026-10-06 17:01:29
 2  0 1391396 18265832 10861820 215346212    0    0    56 176402 64739 227145  8  2 89  0  0  1 2026-10-06 17:01:31
